ITER	RESIDUUM	ALFA	BETA
1	18.4652	0.153508	0.00373482
2	19.8293	0.0196163	1.15321
3	9.95282	0.178392	0.251928
4	6.60415	0.37772	0.440293
5	5.06365	0.527013	0.587885
6	7.89462	0.478972	2.43072
7	7.08501	0.0176778	0.805413
8	5.39954	0.0643399	0.580809
9	4.26152	0.262933	0.622896
10	4.47587	0.137341	1.10313
11	3.97001	0.248821	0.786737
12	5.76556	0.113133	2.10911
13	4.48439	0.0164686	0.604955
14	3.54874	0.166839	0.626241
15	3.08438	0.126528	0.755422
16	3.50694	0.259401	1.29276
17	2.69475	0.12588	0.590449
18	6.73695	0.144133	6.25012
19	3.27402	0.0172797	0.236176
20	2.42276	0.129464	0.547595
21	2.85105	0.205014	1.3848
22	2.32392	0.169913	0.664408
23	2.39297	0.159658	1.06031
24	5.71716	0.126386	5.708
25	2.36763	0.0172354	0.171501
26	2.07149	0.137566	0.765488
27	2.28703	0.219808	1.21892
28	1.84161	0.145656	0.648413
29	2.13605	0.196646	1.34533
30	4.64679	0.114689	4.7324
31	1.88036	0.0162705	0.163747
32	1.7991	0.15028	0.915439
33	1.8644	0.210265	1.07392
34	1.60034	0.147908	0.736794
35	1.84305	0.207049	1.32632
36	3.67404	0.11907	3.97387
37	1.59004	0.0148113	0.187296
38	1.57985	0.156505	0.987216
39	1.60813	0.205918	1.03613
40	1.41023	0.150805	0.76902
41	1.57685	0.202574	1.25026
42	3.12816	0.119765	3.93547
43	1.40399	0.0148426	0.201441
44	1.41264	0.161242	1.01237
45	1.40784	0.19966	0.993212
46	1.24302	0.15211	0.779558
47	1.38577	0.200722	1.24287
48	2.80634	0.122548	4.10109
49	1.2771	0.0149961	0.207095
50	1.25399	0.159398	0.964136
51	1.24202	0.194132	0.981011
52	1.12571	0.157057	0.821469
53	1.25872	0.19938	1.25028
54	2.70106	0.100997	4.60475
55	1.13577	0.017632	0.176814
56	1.11373	0.163011	0.961556
57	1.12642	0.194809	1.02292
58	1.03964	0.162481	0.851856
59	1.13217	0.193191	1.18594
60	2.43528	0.097125	4.6267
61	1.0289	0.0183004	0.178503
62	1.01555	0.165115	0.974217
63	1.03874	0.196161	1.0462
64	0.95217	0.163286	0.84026
65	1.03907	0.187396	1.19086
66	2.16306	0.071569	4.33359
67	0.943911	0.0249506	0.190426
68	0.939384	0.170192	0.990432
69	0.952261	0.19336	1.0276
70	0.87053	0.163194	0.83571
71	0.943475	0.187711	1.17461
72	2.07778	0.0916483	4.84998
73	0.891749	0.0202765	0.184198
74	0.859341	0.164017	0.928638
75	0.876932	0.192129	1.04136
76	0.811843	0.166489	0.857063
77	0.887681	0.186545	1.19555
78	1.90465	0.0772822	4.6038
79	0.826175	0.0239658	0.188154
80	0.785647	0.162387	0.904296
81	0.824098	0.195283	1.10028
82	0.766273	0.17048	0.864589
83	0.799239	0.18037	1.08789
84	1.77809	0.11377	4.94944
85	0.788377	0.0171247	0.196589
86	0.732381	0.156583	0.862991
87	0.777494	0.195718	1.12699
88	0.719934	0.172735	0.857414
89	0.735956	0.173567	1.04501
90	1.68145	0.103804	5.21993
91	0.749066	0.0192265	0.198459
92	0.689343	0.159401	0.846895
93	0.721525	0.1894	1.09555
94	0.680791	0.177308	0.890278
95	0.682512	0.170911	1.00506
96	1.56872	0.114206	5.28286
97	0.716351	0.0179646	0.208527
98	0.635765	0.15614	0.787664
99	0.64132	0.179189	1.01755
100	0.60226	0.178756	0.881899
101	0.551681	0.158266	0.839089
102	1.17203	0.0843399	4.51335
103	0.495348	0.0206568	0.178626
104	0.386851	0.143269	0.609912
105	0.338168	0.152792	0.764147
106	0.310481	0.169971	0.842955
107	0.302228	0.162899	0.947545
108	0.67226	0.0780589	4.94773
109	0.342653	0.0268881	0.259798
110	0.36805	0.19936	1.15373
111	0.378498	0.186215	1.05758
112	0.360537	0.181476	0.907344
113	0.323565	0.153175	0.805424
114	0.641594	0.0608708	3.93185
115	0.322674	0.0296576	0.252934
116	0.351404	0.200888	1.186
117	0.359354	0.186526	1.04576
118	0.349731	0.182352	0.947157
119	0.326998	0.15938	0.874224
120	0.627135	0.0555659	3.67817
121	0.324688	0.0324971	0.268046
122	0.359096	0.207088	1.22318
123	0.344088	0.174027	0.91816
124	0.296373	0.179474	0.741886
125	0.315242	0.25813	1.13139
126	0.450358	0.0284802	2.04092
127	0.289826	0.149266	0.41415
128	0.24284	0.357798	0.70205
129	0.258579	0.506683	1.13383
130	0.512969	0.510355	3.93545
131	0.268308	0.0120046	0.27358
132	0.293024	0.371133	1.19272
133	0.368988	0.161997	1.58569
134	0.24524	0.204822	0.441731
135	0.377917	0.401121	2.37471
136	0.59062	0.0457459	2.44244
137	0.305774	0.0242937	0.268031
138	0.262634	0.321344	0.737734
139	0.341673	0.168582	1.69247
140	0.289681	0.239794	0.718818
141	0.346643	0.148483	1.43194
142	0.644535	0.0476307	3.45724
143	0.265788	0.0477982	0.17005
144	0.370449	0.203909	1.94261
145	0.248039	0.192483	0.448315
146	0.341923	0.206755	1.90028
147	0.414734	0.199624	1.47124
148	0.358642	0.0167493	0.747797
149	0.342177	0.112821	0.910289
150	0.251947	0.175282	0.542146
151	0.354669	0.221224	1.98165
152	0.283055	0.189445	0.636934
153	0.448414	0.147499	2.50967
154	0.383689	0.0175324	0.732153
155	0.271903	0.130044	0.502191
156	0.339995	0.189844	1.56357
157	0.276505	0.195489	0.661396
158	0.293566	0.161327	1.12721
159	0.579394	0.187548	3.89526
160	0.33386	0.0141521	0.332033
161	0.298028	0.132585	0.796865
162	0.311561	0.19947	1.09288
163	0.262961	0.157011	0.712356
164	0.332699	0.210457	1.60073
165	0.622416	0.147595	3.49993
166	0.290514	0.0134812	0.217858
167	0.299786	0.151968	1.06485
168	0.28627	0.20991	0.91186
169	0.280611	0.150904	0.960853
170	0.332875	0.2506	1.40719
171	0.571256	0.0930991	2.94509
172	0.263032	0.0148216	0.21201
173	0.323772	0.235018	1.51517
174	0.269137	0.152229	0.690982
175	0.309847	0.195379	1.32541
176	0.272881	0.183057	0.775627
177	0.584528	0.0915099	4.58842
178	0.300386	0.0199525	0.264088
179	0.301063	0.207806	1.00451
180	0.2581	0.139505	0.734955
181	0.309091	0.254551	1.43416
182	0.263818	0.146776	0.728511
183	0.618634	0.0957041	5.49869
184	0.321464	0.022831	0.270021
185	0.264949	0.16957	0.679299
186	0.270869	0.166965	1.04518
187	0.309445	0.220561	1.30511
188	0.25971	0.145695	0.704384
189	0.631495	0.0954686	5.91239
190	0.310807	0.0248649	0.242238
191	0.256112	0.1498	0.679014
192	0.289418	0.187966	1.277
193	0.27263	0.20244	0.887356
194	0.277909	0.162141	1.0391
195	0.615494	0.0748719	4.90504
196	0.287659	0.0284189	0.218429
197	0.2542	0.148317	0.780895
198	0.281641	0.213081	1.22756
199	0.252264	0.169214	0.802269
200	0.228523	0.147278	0.820635
201	0.245751	0.221381	1.15646
202	0.405048	0.0945387	2.71658
203	0.179674	0.0141868	0.196769
204	0.174142	0.17075	0.939374
205	0.110181	0.133117	0.400317
206	0.0961415	0.144632	0.761397
207	0.0967206	0.15343	1.01208
208	0.0924984	0.018949	0.914598
209	0.0480481	0.0625791	0.269826
210	0.045554	0.17163	0.898878
211	0.0385005	0.155285	0.714297
212	0.0408618	0.173107	1.12643
213	0.091456	0.163298	5.00943
214	0.0444058	0.0146911	0.235751
215	0.0380268	0.135203	0.733332
216	0.0369728	0.181732	0.945335
217	0.0253522	0.139778	0.470183
218	0.026698	0.1719	1.10898
219	0.0555363	0.0861149	4.3271
220	0.0231331	0.0193199	0.173506
221	0.0271783	0.207221	1.38031
222	0.0280828	0.202113	1.06767
223	0.0234833	0.161998	0.699258
224	0.0204742	0.142597	0.760143
225	0.0428872	0.124119	4.38774
226	0.0175914	0.014971	0.168247
227	0.0190717	0.169958	1.17538
228	0.0221696	0.211071	1.35125
229	0.0185495	0.172877	0.700079
230	0.0192607	0.210995	1.07815
231	0.0347536	0.0623469	3.25578
232	0.0148772	0.0211204	0.183249
233	0.0143548	0.183727	0.931006
234	0.0179709	0.226466	1.56727
235	0.0174472	0.195015	0.942575
236	0.0166202	0.135309	0.907442
237	0.0317653	0.0541054	3.65285
238	0.0118818	0.0334932	0.139913
239	0.0128383	0.18122	1.16749
240	0.0152753	0.27116	1.41567
241	0.0135408	0.198056	0.7858
242	0.0148593	0.183892	1.20422
243	0.0255593	0.0638392	2.95872
244	0.0113688	0.0189279	0.197849
245	0.0112177	0.203113	0.973581
246	0.013536	0.363473	1.45604
247	0.0115799	0.137151	0.731859
248	0.0111827	0.229429	0.932574
249	0.021012	0.0500048	3.53056
250	0.0104211	0.0401775	0.245978
251	0.0106018	0.320002	1.03498
252	0.0103861	0.275503	0.959718
253	0.0118564	0.140537	1.30317
254	0.0193686	0.162863	2.66864
255	0.00990177	0.01287	0.261355
256	0.0101004	0.274698	1.04053
257	0.0107164	0.209821	1.1257
258	0.0100413	0.129032	0.877975
259	0.00986929	0.274075	0.966028
260	0.0169379	0.0394885	2.94541
261	0.0101906	0.0667928	0.36198
262	0.00935698	0.121535	0.843081
263	0.00893717	0.274008	0.912281
264	0.0111702	0.191326	1.56215
265	0.0147734	0.157516	1.74918
266	0.00884728	0.0132958	0.358642
267	0.0103622	0.146871	1.37178
268	0.00810332	0.213313	0.611537
269	0.0104408	0.200401	1.66013
270	0.00798636	0.161168	0.5851
271	0.0204423	0.104639	6.55184
272	0.00993384	0.024832	0.236142
273	0.00852413	0.140957	0.736319
274	0.00857022	0.213614	1.01084
275	0.00839361	0.147594	0.959211
276	0.0130378	0.261389	2.41275
277	0.0109236	0.0167864	0.70198
278	0.007868	0.0755665	0.518793
279	0.00869087	0.262064	1.22011
280	0.0078115	0.133692	0.807871
281	0.00937791	0.267312	1.44126
282	0.0158459	0.0811645	2.85509
283	0.00737514	0.0156538	0.216626
284	0.00912406	0.285795	1.53051
285	0.00713757	0.124471	0.611963
286	0.00850515	0.257061	1.41992
287	0.00890915	0.146231	1.09726
288	0.0120159	0.0279755	1.81904
289	0.00830803	0.0746703	0.478059
290	0.00733461	0.164972	0.779397
291	0.00793552	0.184951	1.17057
292	0.00769334	0.195682	0.939894
293	0.0134325	0.125522	3.0485
294	0.00826433	0.015089	0.378528
295	0.00755236	0.166864	0.835122
296	0.00754252	0.172169	0.997396
297	0.0074402	0.189076	0.973053
298	0.00745111	0.150462	1.00294
299	0.0125071	0.0386853	2.81755
300	0.00806658	0.0645141	0.415972
301	0.0064814	0.145661	0.645594
302	0.00680335	0.173768	1.10181
303	0.00654209	0.204195	0.92467
304	0.0105312	0.141628	2.59131
305	0.00737169	0.0153818	0.489985
306	0.00548741	0.132309	0.554116
307	0.00489696	0.138139	0.796375
308	0.00522134	0.239841	1.13687
309	0.0038177	0.124233	0.534613
310	0.00795035	0.147019	4.3368
311	0.00433579	0.0151129	0.297415
312	0.00347612	0.134037	0.642768
313	0.00395093	0.214713	1.29184
314	0.00365452	0.158762	0.855582
315	0.00460433	0.21693	1.58735
316	0.00948562	0.0626529	4.24422
317	0.00474394	0.0325974	0.250119
318	0.00508968	0.189255	1.15107
319	0.00510885	0.196918	1.00754
320	0.00455557	0.149843	0.795132
321	0.00570154	0.198661	1.56639
322	0.0072041	0.0263862	1.59652
323	0.00416075	0.0586028	0.333567
324	0.00463615	0.200123	1.24157
325	0.00442723	0.179252	0.911904
326	0.00525454	0.203617	1.40865
327	0.0106822	0.172544	4.1329
328	0.00546945	0.0139396	0.262157
329	0.00447835	0.120442	0.670423
330	0.0050019	0.226953	1.24748
331	0.00423268	0.158583	0.716081
332	0.00545539	0.188186	1.66119
333	0.00871215	0.0368337	2.55034
334	0.00498478	0.0555156	0.327372
335	0.00470169	0.168529	0.889646
336	0.00517221	0.205188	1.21016
337	0.00442932	0.159327	0.73337
338	0.00877362	0.144279	3.92358
339	0.0051822	0.0152013	0.348875
340	0.00455114	0.166218	0.771281
341	0.00477943	0.166678	1.10284
342	0.00494719	0.233192	1.07143
343	0.00429059	0.13396	0.752173
344	0.0103455	0.0863967	5.81387
345	0.00511713	0.0290215	0.244654
346	0.00437126	0.158696	0.729726
347	0.00452662	0.166345	1.07235
348	0.00467821	0.227031	1.0681
349	0.00622249	0.131046	1.76917
350	0.00532383	0.0170479	0.732013
351	0.00472629	0.160837	0.788122
352	0.0042342	0.138759	0.802603
353	0.00449548	0.225983	1.12722
354	0.00437624	0.168981	0.947656
355	0.00829621	0.0529404	3.59383
356	0.00489585	0.0361117	0.348254
357	0.00410191	0.16432	0.701969
358	0.00430098	0.193592	1.09942
359	0.00457004	0.174577	1.12903
360	0.00619401	0.167666	1.83698
361	0.00404843	0.0138528	0.427198
362	0.00494937	0.194498	1.4946
363	0.00377313	0.161096	0.581171
364	0.00440561	0.191622	1.36335
365	0.00425629	0.17212	0.933365
366	0.00841673	0.0708451	3.91042
367	0.00409775	0.0224477	0.23703
368	0.00350872	0.271414	0.733176
369	0.00422408	0.218322	1.44932
370	0.00377787	0.17733	0.799887
371	0.0083813	0.181455	4.92186
372	0.00419839	0.0142295	0.250925
373	0.0045125	0.154673	1.15523
374	0.00361803	0.143271	0.642848
375	0.00368558	0.186756	1.03769
376	0.00475102	0.274258	1.66174
377	0.00522379	0.0210029	1.20892
378	0.00352558	0.116688	0.455501
379	0.00333378	0.269102	0.894158
380	0.00340461	0.29943	1.04294
381	0.00584243	0.217939	2.94478
382	0.00656276	0.0237921	1.26179
383	0.00324457	0.0508018	0.244423
384	0.0033223	0.359281	1.04848
385	0.00406513	0.210757	1.49717
386	0.00381523	0.143478	0.880832
387	0.00875378	0.0806227	5.26441
388	0.00331434	0.0269769	0.143352
389	0.00394227	0.260903	1.41481
390	0.00353157	0.130067	0.802495
391	0.00355777	0.22899	1.0149
392	0.00584835	0.139087	2.70215
393	0.00457513	0.0166951	0.611983
394	0.00321047	0.12936	0.492416
395	0.004085	0.197515	1.619
396	0.00303588	0.171187	0.552312
397	0.00429357	0.246417	2.00017
398	0.00771381	0.0555508	3.22776
399	0.00303994	0.0248468	0.155307
400	0.00376135	0.287736	1.53093
401	0.00335641	0.136564	0.796276
402	0.00334569	0.238901	0.993622
403	0.00572483	0.127517	2.92788
404	0.00388818	0.0156729	0.461284
405	0.00335469	0.165635	0.744409
406	0.00340231	0.151809	1.0286
407	0.0030985	0.215463	0.829381
408	0.00355818	0.15767	1.31872
409	0.00661558	0.0486923	3.45685
410	0.00300752	0.0428893	0.206672
411	0.00289648	0.144688	0.927523
412	0.00261038	0.219927	0.812206
413	0.00251956	0.1429	0.931628
414	0.00394113	0.168793	2.44676
415	0.00224098	0.0133305	0.323322
416	0.00190071	0.134223	0.719379
417	0.00146934	0.144736	0.597602
418	0.00135464	0.161976	0.849962
419	0.00109873	0.159672	0.657864
420	0.00186059	0.132423	2.86761
421	0.00107218	0.0142873	0.332075
422	0.000989106	0.156032	0.851036
423	0.00101227	0.16781	1.04738
424	0.00128286	0.272237	1.60607
425	0.00155178	0.187706	1.4632
426	0.00422707	0.104144	7.42028
427	0.00248759	0.0322443	0.346321
428	0.00272756	0.206363	1.20224
429	0.00407435	0.285186	2.23135
430	0.00428012	0.205355	1.10356
431	0.00523723	0.152867	1.49724
432	0.00566514	0.0211903	1.17008
433	0.00375058	0.0992332	0.438304
434	0.00241347	0.11462	0.414083
435	0.00273675	0.20397	1.28584
436	0.00238994	0.13938	0.762616
437	0.00284851	0.0233349	1.42056
438	0.00257938	0.0956658	0.819968
439	0.00250213	0.199924	0.940994
440	0.00296937	0.186475	1.40835
441	0.00317116	0.218002	1.14053
442	0.00411964	0.0282289	1.68764
443	0.00228552	0.0450647	0.307789
444	0.00234215	0.211066	1.05017
445	0.00196974	0.142608	0.707277
446	0.00234104	0.20146	1.41254
447	0.00546453	0.0870916	5.44862
448	0.00242511	0.025266	0.196951
449	0.0026046	0.178034	1.1535
450	0.00229283	0.194082	0.774932
451	0.00192977	0.137108	0.708377
452	0.0041887	0.172597	4.7114
453	0.00241041	0.0150616	0.331149
454	0.0018522	0.127995	0.590463
455	0.0020941	0.194355	1.27826
456	0.0021432	0.214876	1.04745
457	0.00243071	0.142875	1.28629
458	0.00310076	0.0262511	1.62731
459	0.00185295	0.0715625	0.3571
460	0.00152442	0.147	0.676836
461	0.00180666	0.214817	1.40457
462	0.001753	0.175198	0.941475
463	0.00371676	0.0781464	4.49537
464	0.00161971	0.0227845	0.18991
465	0.00184008	0.206432	1.29062
466	0.00135867	0.138903	0.545195
467	0.00147928	0.183701	1.18542
468	0.00244913	0.158091	2.7411
469	0.0013841	0.0136018	0.319381
470	0.00160579	0.156459	1.346
471	0.0013575	0.210841	0.714667
472	0.00132127	0.153556	0.947333
473	0.00149332	0.187265	1.27739
474	0.00159818	0.0210571	1.14537
475	0.00117278	0.0757363	0.538491
476	0.00119656	0.244592	1.04096
477	0.00128899	0.175437	1.16047
478	0.00119815	0.171097	0.864025
479	0.00225137	0.0628794	3.53075
480	0.000955398	0.0229445	0.180084
481	0.00105703	0.220596	1.22408
482	0.00104518	0.159138	0.977691
483	0.00114619	0.235172	1.20262
484	0.00208625	0.132281	3.31301
485	0.00105182	0.0140643	0.254186
486	0.000977981	0.128694	0.864522
487	0.00095579	0.216908	0.955133
488	0.00106148	0.160455	1.23339
489	0.00150656	0.219291	2.01441
490	0.00126341	0.0165476	0.703264
491	0.00088351	0.10017	0.489026
492	0.000937094	0.18365	1.12498
493	0.000864248	0.180757	0.850571
494	0.00127197	0.227089	2.1661
495	0.00131692	0.0205369	1.07192
496	0.000935173	0.0770014	0.504273
497	0.000661848	0.132573	0.500878
498	0.000806756	0.274652	1.48583
499	0.000837688	0.139782	1.07815
500	0.001076	0.0253648	1.64991
501	0.000539751	0.119783	0.251629
502	0.000539811	0.372249	1.00022
503	0.000695488	0.162813	1.65995
504	0.00127455	0.130532	3.3584
505	0.000503758	0.0131867	0.156219
506	0.000480943	0.27036	0.911472
507	0.000437163	0.289846	0.826226
508	0.000629535	0.195145	2.07374
509	0.000963202	0.0375394	2.34096
510	0.000435374	0.037094	0.204311
511	0.000449664	0.204384	1.06672
512	0.000481362	0.215806	1.14596
513	0.000557296	0.155994	1.34038
514	0.000624763	0.0220077	1.25678
515	0.00052824	0.0953145	0.714879
516	0.000418102	0.171126	0.626473
517	0.000576609	0.260886	1.90194
518	0.00082462	0.154123	2.04524
519	0.000604691	0.0151646	0.537724
520	0.00062879	0.172773	1.0813
521	0.000599012	0.155877	0.907527
522	0.000657067	0.242165	1.20323
523	0.00126684	0.122769	3.71725
524	0.000788297	0.0160744	0.387203
525	0.000736416	0.200849	0.872703
526	0.000762357	0.157887	1.07169
527	0.000877341	0.225826	1.3244
528	0.00182019	0.0961864	4.30426
529	0.00077903	0.0174893	0.183178
530	0.000946851	0.222586	1.47725
531	0.000786588	0.154918	0.690131
532	0.000920639	0.199739	1.36988
533	0.00197386	0.0776045	4.59679
534	0.000811845	0.0236005	0.169166
535	0.000805773	0.164121	0.985097
536	0.000717514	0.166708	0.792932
537	0.00078184	0.192745	1.18734
538	0.00123166	0.0381444	2.48169
539	0.000654541	0.0402534	0.282417
540	0.000742593	0.235099	1.28715
541	0.000651266	0.147269	0.769156
542	0.00109793	0.270349	2.84205
543	0.00113815	0.0206442	1.07461
544	0.000769554	0.0769241	0.457173
545	0.000848318	0.200505	1.21518
546	0.000814155	0.201594	0.921078
547	0.000915067	0.128829	1.26326
548	0.000991385	0.0212096	1.17376
549	0.000752952	0.102928	0.576833
550	0.000608896	0.142621	0.653961
551	0.000692181	0.208239	1.29227
552	0.000823422	0.167592	1.41516
553	0.000899059	0.0214103	1.19215
554	0.000708804	0.0907256	0.621549
555	0.000676284	0.195227	0.910347
556	0.000652561	0.164051	0.931072
557	0.000759571	0.153191	1.35486
558	0.000833608	0.0214874	1.20445
559	0.000613005	0.0958574	0.540759
560	0.000579657	0.1677	0.894159
561	0.000681146	0.211206	1.38082
562	0.000748075	0.15008	1.20617
563	0.000751519	0.0192606	1.00923
564	0.000710314	0.125124	0.893348
565	0.000532653	0.156354	0.562326
566	0.000629002	0.186038	1.39449
567	0.000874134	0.193868	1.93131
568	0.000646644	0.0149894	0.547236
569	0.000654214	0.132119	1.02355
570	0.000573125	0.202295	0.767466
571	0.000562776	0.142287	0.964213
572	0.00101372	0.215715	3.24462
573	0.000661341	0.0144099	0.425615
574	0.000566692	0.111859	0.734248
575	0.00053554	0.206775	0.893078
576	0.000565639	0.16842	1.11557
577	0.000911249	0.167791	2.59535
578	0.000593433	0.014392	0.424101
579	0.000549484	0.139006	0.857369
580	0.000487071	0.168246	0.785731
581	0.000462775	0.155669	0.902726
582	0.000862764	0.188392	3.47571
583	0.00054954	0.0146052	0.405708
584	0.000414951	0.115785	0.570159
585	0.000445988	0.192908	1.15519
586	0.000398518	0.168761	0.798453
587	0.000679764	0.151346	2.90951
588	0.000440025	0.0147932	0.419024
589	0.000376327	0.142123	0.731434
590	0.000337701	0.14979	0.805257
591	0.000376313	0.218722	1.24175
592	0.00060795	0.136554	2.60997
593	0.000380185	0.0145156	0.391071
594	0.000341915	0.152466	0.80881
595	0.000310246	0.171762	0.823333
596	0.000297935	0.169569	0.922213
597	0.0006073	0.16372	4.15493
598	0.000328554	0.0144252	0.292689
599	0.00026797	0.128997	0.665209
600	0.000284582	0.208833	1.12783
601	0.000245999	0.145132	0.747226
602	0.000491652	0.154063	3.99437
603	0.000271728	0.0146303	0.30546
604	0.000224212	0.134816	0.680845
605	0.000211068	0.160184	0.886192
606	0.000234834	0.223098	1.23787
607	0.000396649	0.119538	2.85293
608	0.000222445	0.0144355	0.31451
609	0.000210831	0.176155	0.898303
610	0.000182139	0.14682	0.74634
611	0.000212216	0.206949	1.35754
612	0.000397542	0.138059	3.5092
613	0.000196731	0.0140198	0.244895
614	0.000172742	0.129488	0.770987
615	0.000194621	0.255296	1.26936
616	0.000172284	0.144231	0.783633
617	0.000369023	0.151279	4.58793
618	0.000189501	0.0148734	0.263704
619	0.000162787	0.18074	0.737928
620	0.000193165	0.185271	1.40805
621	0.000147061	0.162161	0.579616
622	0.000341117	0.120987	5.38034
623	0.000177819	0.0180152	0.271739
624	0.000159229	0.14191	0.801842
625	0.000140696	0.203701	0.780762
626	0.000148733	0.174255	1.1175
627	0.000288183	0.120231	3.75425
628	0.000129817	0.014567	0.202922
629	0.000130283	0.159571	1.00718
630	0.000110253	0.160879	0.716153
631	0.000100752	0.159032	0.835077
632	0.000212901	0.202843	4.46529
633	7.63794e-05	0.0123068	0.128706
634	6.4895e-05	0.321835	0.721886
635	9.03489e-05	0.205167	1.93831
636	5.55961e-05	0.12919	0.378654
637	0.000153796	0.145992	7.65244
638	5.44792e-05	0.0186983	0.12548
639	4.34279e-05	0.272812	0.635443
640	4.69189e-05	0.321049	1.16723
641	4.87398e-05	0.164968	1.07913
642	7.29448e-05	0.14543	2.23986
643	5.4707e-05	0.0157749	0.562468
644	3.81365e-05	0.118147	0.485956
645	3.49273e-05	0.154714	0.838776
646	3.60671e-05	0.236849	1.06633
647	4.97581e-05	0.112797	1.90329
648	3.78206e-05	0.0159733	0.577737
649	3.39311e-05	0.181183	0.804894
650	3.17958e-05	0.134782	0.878099
651	3.68649e-05	0.300106	1.34427
652	6.74491e-05	0.104435	3.34754
653	4.17403e-05	0.01643	0.382965
654	3.73823e-05	0.190306	0.802085
655	3.99687e-05	0.173319	1.14316
656	3.9398e-05	0.198411	0.971649
657	8.17693e-05	0.0775507	4.30756
658	3.69571e-05	0.0219852	0.204275
659	4.12806e-05	0.189118	1.24766
660	3.03371e-05	0.142913	0.540075
661	5.37915e-05	0.333433	3.14398
662	6.31522e-05	0.0243596	1.37832
663	3.78821e-05	0.0561101	0.359824
664	4.72372e-05	0.260575	1.5549
665	4.07404e-05	0.140369	0.743842
666	7.10955e-05	0.155308	3.04533
667	4.35093e-05	0.0144369	0.374525
668	3.60079e-05	0.130807	0.684905
669	3.61891e-05	0.227309	1.01009
670	3.62947e-05	0.149667	1.00585
671	8.75605e-05	0.0799813	5.82008
672	4.02062e-05	0.034918	0.210848
673	4.02505e-05	0.152849	1.0022
674	3.83171e-05	0.200651	0.906241
675	4.20376e-05	0.13515	1.20362
676	3.98973e-05	0.0183177	0.900762
677	3.64874e-05	0.123524	0.836375
678	3.16316e-05	0.158209	0.751546
679	3.15095e-05	0.176328	0.992297
680	6.67804e-05	0.160509	4.49174
681	3.61256e-05	0.0147961	0.292638
682	2.96233e-05	0.141317	0.672414
683	3.08278e-05	0.193235	1.08298
684	2.7516e-05	0.147253	0.796683
685	5.30622e-05	0.0606227	3.71878
686	2.59726e-05	0.0269817	0.239586
687	2.69222e-05	0.207	1.07446
688	2.26937e-05	0.166963	0.710543
689	3.3785e-05	0.154681	2.21634
690	3.02094e-05	0.0179525	0.79953
691	2.17248e-05	0.113155	0.517164
692	1.97043e-05	0.14988	0.822638
693	2.1527e-05	0.207595	1.19356
694	3.86249e-05	0.0832355	3.21936
695	1.5834e-05	0.0159672	0.168053
696	2.09605e-05	0.275536	1.75236
697	1.43328e-05	0.130796	0.467584
698	2.0912e-05	0.237172	2.12877
699	2.87626e-05	0.0308192	1.89175
700	1.28205e-05	0.0443786	0.19868
701	1.64152e-05	0.230904	1.63939
702	1.21168e-05	0.153058	0.544856
703	2.1393e-05	0.143491	3.11724
704	1.55795e-05	0.0161579	0.530352
705	1.2566e-05	0.148968	0.650556
706	1.09041e-05	0.141945	0.752985
707	1.12151e-05	0.203236	1.05786
708	2.23968e-05	0.0684373	3.98807
709	9.86017e-06	0.0238142	0.193819
710	1.07378e-05	0.17944	1.18594
711	9.56162e-06	0.182532	0.792924
712	1.14629e-05	0.16675	1.43723
713	1.5006e-05	0.0271069	1.71371
714	9.42846e-06	0.0712817	0.394778
715	7.98524e-06	0.146419	0.71729
716	8.44199e-06	0.192461	1.11767
717	1.56657e-05	0.136729	3.44357
718	8.37058e-06	0.0143273	0.285504
719	8.27154e-06	0.165869	0.976478
720	8.41079e-06	0.178518	1.03395
721	7.00886e-06	0.15045	0.694417
722	1.38868e-05	0.0600081	3.92562
723	6.74856e-06	0.0303491	0.236167
724	6.07591e-06	0.172889	0.810589
725	6.39576e-06	0.188567	1.10806
726	7.49622e-06	0.189959	1.37372
727	1.03511e-05	0.02976	1.90671
728	6.14432e-06	0.0565175	0.352354
729	5.73145e-06	0.164081	0.870123
730	5.24685e-06	0.197459	0.838047
731	9.82192e-06	0.140265	3.50425
732	7.02176e-06	0.0163849	0.511093
733	6.39539e-06	0.176506	0.829549
734	6.44642e-06	0.149126	1.01602
735	7.78992e-06	0.24891	1.46026
736	1.57484e-05	0.0687713	4.08704
737	7.49218e-06	0.0247805	0.22633
738	8.52161e-06	0.198929	1.29368
739	8.68624e-06	0.214867	1.03901
740	1.13346e-05	0.183527	1.70273
741	1.61631e-05	0.0308346	2.03347
742	1.00194e-05	0.0635124	0.384273
743	9.84125e-06	0.166718	0.964747
744	1.07763e-05	0.226324	1.19906
745	1.4268e-05	0.160295	1.75301
746	1.188e-05	0.0165438	0.693274
747	9.66451e-06	0.1178	0.661803
748	9.24405e-06	0.150867	0.914883
749	8.58821e-06	0.167946	0.863139
750	2.36076e-05	0.185067	7.55613
751	9.22145e-06	0.0157298	0.152579
752	9.81547e-06	0.183265	1.13298
753	8.14731e-06	0.149579	0.688979
754	1.07792e-05	0.19673	1.75044
755	1.90403e-05	0.0441339	3.12014
756	8.97719e-06	0.0467304	0.222296
757	9.67715e-06	0.171906	1.16202
758	9.65799e-06	0.182313	0.996044
759	1.33202e-05	0.160441	1.90216
760	1.10665e-05	0.0165406	0.690238
761	1.04101e-05	0.135655	0.884896
762	8.71572e-06	0.146117	0.700962
763	8.68283e-06	0.209159	0.992468
764	2.30269e-05	0.145492	7.03312
765	9.13428e-06	0.0178231	0.157354
766	8.92743e-06	0.132542	0.955223
767	7.66053e-06	0.235463	0.736316
768	1.05434e-05	0.197404	1.89427
769	1.51968e-05	0.0340049	2.07751
770	7.78813e-06	0.0390199	0.262641
771	6.94826e-06	0.207333	0.795952
772	7.94622e-06	0.356422	1.30788
773	1.85818e-05	0.142483	5.4683
774	9.3511e-06	0.0163203	0.253251
775	7.41423e-06	0.135231	0.628647
776	8.64825e-06	0.16859	1.36058
777	7.74164e-06	0.229446	0.801326
778	1.32356e-05	0.0406319	2.92295
779	8.19116e-06	0.0535312	0.383004
780	6.79625e-06	0.139793	0.688412
781	7.97305e-06	0.225076	1.37629
782	1.01778e-05	0.139411	1.62952
783	8.66073e-06	0.0168146	0.724103
784	7.07701e-06	0.145156	0.667714
785	7.61689e-06	0.166548	1.15839
786	6.85601e-06	0.173143	0.81019
787	1.54124e-05	0.111184	5.05356
788	6.64439e-06	0.0175417	0.185854
789	6.64567e-06	0.162973	1.00039
790	5.62169e-06	0.169172	0.715575
791	7.91154e-06	0.224944	1.98056
792	1.16055e-05	0.0347325	2.15182
793	5.94905e-06	0.0392596	0.262765
794	5.02102e-06	0.278414	0.71234
795	6.22914e-06	0.313852	1.53912
796	1.05574e-05	0.091515	2.87249
797	5.49458e-06	0.0153152	0.270866
798	5.59777e-06	0.254248	1.03791
799	4.93256e-06	0.12519	0.776452
800	6.23385e-06	0.215171	1.59723
801	1.11387e-05	0.0502408	3.1927
802	4.79251e-06	0.0306788	0.185121
803	5.3093e-06	0.264823	1.2273
804	4.36326e-06	0.125783	0.675377
805	7.5724e-06	0.222327	3.01194
806	5.48475e-06	0.015228	0.524621
807	4.92044e-06	0.106834	0.804814
808	4.41791e-06	0.191527	0.806166
809	4.6216e-06	0.169855	1.09434
810	1.18731e-05	0.156103	6.6
811	4.65508e-06	0.0161816	0.153718
812	4.56837e-06	0.148638	0.963092
813	4.22451e-06	0.205482	0.855126
814	4.33902e-06	0.141018	1.05495
815	8.35903e-06	0.0509938	3.71132
816	4.13875e-06	0.045063	0.245147
817	4.28394e-06	0.178669	1.0714
818	3.90994e-06	0.165924	0.833013
819	5.78992e-06	0.172648	2.19283
820	4.84729e-06	0.0169048	0.700894
821	3.46696e-06	0.0990475	0.511565
822	4.06939e-06	0.23821	1.37772
823	3.82797e-06	0.154564	0.884869
824	7.52003e-06	0.117946	3.85924
825	4.08092e-06	0.0156641	0.294495
826	3.79744e-06	0.197585	0.865897
827	3.59847e-06	0.150467	0.897955
828	4.3638e-06	0.217088	1.47059
829	7.92376e-06	0.048964	3.29711
830	3.7464e-06	0.0360029	0.223545
831	4.85979e-06	0.270348	1.6827
832	4.24281e-06	0.179217	0.762207
833	7.45812e-06	0.159816	3.08995
834	6.26818e-06	0.0175945	0.706358
835	5.00335e-06	0.122886	0.637145
836	5.43489e-06	0.197702	1.17994
837	6.65407e-06	0.240376	1.49897
838	1.31489e-05	0.0858908	3.90484
839	5.86964e-06	0.0180203	0.199271
840	6.72622e-06	0.201764	1.31316
841	6.14698e-06	0.198345	0.835182
842	7.61495e-06	0.166634	1.53466
843	1.09319e-05	0.0306915	2.06089
844	7.33728e-06	0.072089	0.450486
845	6.30857e-06	0.144965	0.73925
846	7.02405e-06	0.246189	1.23969
847	1.14334e-05	0.109376	2.64956
848	6.24915e-06	0.0143623	0.29874
849	6.94281e-06	0.181787	1.23432
850	4.91231e-06	0.143332	0.500613
851	5.99669e-06	0.21531	1.49022
852	1.08314e-05	0.0521191	3.26247
853	4.8955e-06	0.0293647	0.204279
854	4.96101e-06	0.193221	1.02694
855	4.69823e-06	0.188397	0.89687
856	5.49218e-06	0.132277	1.36653
857	5.87535e-06	0.0207409	1.1444
858	4.40656e-06	0.129323	0.56251
859	4.33559e-06	0.153899	0.968049
860	4.86155e-06	0.238965	1.25734
861	1.03698e-05	0.104496	4.54975
862	5.25482e-06	0.0177597	0.25679
863	5.85724e-06	0.183314	1.24242
864	5.24584e-06	0.175695	0.80213
865	5.85765e-06	0.179722	1.24686
866	9.85597e-06	0.0410452	2.83107
867	5.51302e-06	0.0459483	0.312882
868	5.20543e-06	0.203797	0.891525
869	5.30697e-06	0.158462	1.03939
870	8.17821e-06	0.168568	2.37478
871	5.11047e-06	0.0139666	0.390486
872	4.64227e-06	0.118371	0.825161
873	3.9778e-06	0.193319	0.73422
874	4.54099e-06	0.203506	1.30321
875	9.95289e-06	0.0920398	4.80393
876	4.98511e-06	0.0206124	0.250871
877	4.36059e-06	0.172047	0.765143
878	4.33746e-06	0.162007	0.989419
879	5.00499e-06	0.216385	1.33148
880	8.50882e-06	0.0442571	2.89022
881	4.0784e-06	0.03549	0.229742
882	4.40958e-06	0.175343	1.169
883	3.23295e-06	0.1619	0.53753
884	3.97581e-06	0.170601	1.51236
885	5.18441e-06	0.0265113	1.70038
886	2.94088e-06	0.0863755	0.321777
887	3.48104e-06	0.196191	1.40109
888	3.76714e-06	0.195837	1.17113
889	5.27497e-06	0.141589	1.96072
890	3.50144e-06	0.0143374	0.440608
891	3.77732e-06	0.165658	1.16379
892	2.86865e-06	0.14106	0.576747
893	3.06804e-06	0.227492	1.14384
894	6.06177e-06	0.0968846	3.90372
895	2.67555e-06	0.0164926	0.194817
896	2.44522e-06	0.1322	0.835239
897	2.62208e-06	0.263689	1.14989
898	2.71039e-06	0.16432	1.0685
899	4.47855e-06	0.0392798	2.7303
900	2.54494e-06	0.049755	0.322908
901	2.23415e-06	0.139927	0.770677
902	2.43155e-06	0.285283	1.18452
903	3.434e-06	0.118106	1.9945
904	2.69632e-06	0.0164913	0.616513
905	2.08056e-06	0.120231	0.59541
906	1.83009e-06	0.160264	0.773725
907	1.89221e-06	0.23444	1.06904
908	3.92575e-06	0.100896	4.30436
909	1.98944e-06	0.0175775	0.256812
910	2.01146e-06	0.167718	1.02226
911	1.76219e-06	0.172072	0.76751
912	1.72316e-06	0.159139	0.956189
913	3.73853e-06	0.0713156	4.7071
914	1.68834e-06	0.0290446	0.203947
915	1.55956e-06	0.14275	0.853264
916	1.3924e-06	0.207025	0.797125
917	2.01452e-06	0.204706	2.09322
918	1.79125e-06	0.0175721	0.79062
919	1.50299e-06	0.0946411	0.704043
920	1.33557e-06	0.171781	0.789629
921	1.39484e-06	0.186216	1.09072
922	2.22354e-06	0.119412	2.54123
923	1.34704e-06	0.014494	0.367006
924	1.01783e-06	0.281629	0.570935
925	1.43515e-06	0.32278	1.98812
926	1.12169e-06	0.105189	0.61088
927	1.94638e-06	0.0394433	3.01097
928	1.28964e-06	0.082819	0.439019
929	1.2054e-06	0.14195	0.87362
930	1.16994e-06	0.225002	0.942029
931	1.91979e-06	0.166549	2.69266
932	1.52303e-06	0.0164723	0.629379
933	1.287e-06	0.123711	0.714064
934	1.17178e-06	0.14663	0.828957
935	1.08152e-06	0.243707	0.851886
936	2.46442e-06	0.133856	5.19229
937	1.36153e-06	0.0169142	0.305227
938	1.09747e-06	0.150256	0.649728
939	1.12956e-06	0.216689	1.05933
940	1.01619e-06	0.133513	0.809349
941	2.29807e-06	0.0823227	5.11416
942	1.11251e-06	0.0256125	0.234358
