Rho
U
V
	9.44096	9.43913	9.43643	9.43529	9.43545	9.43615	9.43678	9.43693	9.43608	9.43482	9.43293	9.43145	9.43057	9.43029	9.43141	9.43277	9.43454	9.43276	9.44426	9.48855	9.50935	9.5201	9.51282	9.51584	9.51647	9.51481	9.51394	9.51174	9.51174	9.51043	9.50836	9.50682	9.50559	9.50332	9.50076	9.49871	9.49684	9.49501	9.49395	9.49353	9.49311	9.49271	9.49295	9.49416	9.49636	9.49917	9.50153	9.50199	9.49974	9.4949	9.48812	9.4801	9.47145	9.46275	9.45457	9.44758	9.44223	9.43856	9.43629	9.43503	9.43442	9.43414	9.43402	9.43398	9.43397	9.43397	9.43396	9.43396	9.43396	9.43396	9.43396	9.43396	9.43396	9.43396	9.43396	9.43396	9.43396	9.43396	9.43396	9.43396	9.43396	9.43396	9.43396	9.43396	9.43396	9.43396	9.43396	9.43396	9.43396	9.43396	9.43396	9.43396	9.43396	9.43396	9.43396	9.43396	9.43396	9.43396	9.43396	9.43396
	9.44082	9.43583	9.43322	9.43017	9.42856	9.42749	9.42719	9.4297	9.43081	9.43556	9.43584	9.43941	9.44042	9.44196	9.44156	9.44157	9.43286	9.44009	9.44547	9.51276	9.51551	9.5168	9.51809	9.5172	9.51554	9.51481	9.51431	9.51327	9.51203	9.51095	9.50964	9.50805	9.50639	9.50452	9.5024	9.50018	9.49804	9.49619	9.49469	9.49343	9.49222	9.49106	9.49033	9.49073	9.49288	9.4966	9.50072	9.50359	9.50384	9.50101	9.49548	9.48798	9.47917	9.46972	9.46038	9.45203	9.44532	9.44051	9.43742	9.43563	9.4347	9.43426	9.43408	9.434	9.43398	9.43397	9.43396	9.43396	9.43396	9.43396	9.43396	9.43396	9.43396	9.43396	9.43396	9.43396	9.43396	9.43396	9.43396	9.43396	9.43396	9.43396	9.43396	9.43396	9.43396	9.43396	9.43396	9.43396	9.43396	9.43396	9.43396	9.43396	9.43396	9.43396	9.43396	9.43396	9.43396	9.43396	9.43396	9.43396
	9.44612	9.44347	9.44117	9.4379	9.43475	9.43468	9.43154	9.43218	9.43019	9.43367	9.43439	9.43713	9.43819	9.43561	9.43629	9.43013	9.42869	9.4268	9.45844	9.51809	9.51616	9.51752	9.51661	9.51566	9.51545	9.51426	9.51347	9.51276	9.51156	9.51024	9.50919	9.50784	9.50613	9.50437	9.50255	9.50035	9.49797	9.49594	9.49449	9.49364	9.49336	9.49326	9.49292	9.49254	9.49284	9.4944	9.49702	9.49953	9.50036	9.49845	9.49385	9.48733	9.47961	9.47115	9.46245	9.45422	9.44721	9.44188	9.43828	9.43612	9.43494	9.43437	9.43412	9.43402	9.43398	9.43397	9.43396	9.43396	9.43396	9.43396	9.43396	9.43396	9.43396	9.43396	9.43396	9.43396	9.43396	9.43396	9.43396	9.43396	9.43396	9.43396	9.43396	9.43396	9.43396	9.43396	9.43396	9.43396	9.43396	9.43396	9.43396	9.43396	9.43396	9.43396	9.43396	9.43396	9.43396	9.43396	9.43396	9.43396
	9.4559	9.4499	9.44414	9.43569	9.4318	9.43328	9.43298	9.43621	9.43432	9.43412	9.43305	9.43312	9.43154	9.43435	9.43382	9.43863	9.43862	9.43419	9.4468	9.5139	9.51721	9.5171	9.51492	9.51457	9.51499	9.51381	9.51233	9.51165	9.51112	9.50984	9.50833	9.50718	9.50586	9.50415	9.50241	9.50063	9.49845	9.49611	9.49433	9.49357	9.49385	9.49462	9.49495	9.49424	9.49304	9.49263	9.49379	9.49585	9.49707	9.49598	9.4923	9.48668	9.47987	9.47226	9.46411	9.45601	9.44878	9.44305	9.43904	9.43655	9.43516	9.43447	9.43416	9.43403	9.43399	9.43397	9.43397	9.43396	9.43396	9.43396	9.43396	9.43396	9.43396	9.43396	9.43396	9.43396	9.43396	9.43396	9.43396	9.43396	9.43396	9.43396	9.43396	9.43396	9.43396	9.43396	9.43396	9.43396	9.43396	9.43396	9.43396	9.43396	9.43396	9.43396	9.43396	9.43396	9.43396	9.43396	9.43396	9.43396
	9.46248	9.45507	9.44548	9.44103	9.43572	9.43554	9.43034	9.43304	9.43266	9.43394	9.43523	9.43471	9.43468	9.43666	9.43336	9.43104	9.43505	9.42535	9.45087	9.51461	9.51664	9.51491	9.51545	9.5147	9.51277	9.51258	9.51222	9.51078	9.50965	9.50909	9.50805	9.50663	9.50519	9.50366	9.50203	9.50049	9.49883	9.49692	9.49507	9.49393	9.49403	9.49518	9.49628	9.49594	9.49384	9.49139	9.49048	9.49157	9.49315	9.49312	9.49052	9.48582	9.47987	9.4731	9.46562	9.4578	9.45046	9.44436	9.43992	9.43706	9.43543	9.4346	9.43421	9.43405	9.43399	9.43397	9.43397	9.43396	9.43396	9.43396	9.43396	9.43396	9.43396	9.43396	9.43396	9.43396	9.43396	9.43396	9.43396	9.43396	9.43396	9.43396	9.43396	9.43396	9.43396	9.43396	9.43396	9.43396	9.43396	9.43396	9.43396	9.43396	9.43396	9.43396	9.43396	9.43396	9.43396	9.43396	9.43396	9.43396
	9.47159	9.45512	9.44044	9.43442	9.43196	9.43764	9.43583	9.43541	9.43383	9.43224	9.4336	9.43257	9.43243	9.43375	9.43011	9.43225	9.43559	9.43362	9.45906	9.51762	9.51604	9.51347	9.51395	9.51391	9.51233	9.51161	9.51117	9.51017	9.50878	9.50781	9.50701	9.50595	9.50467	9.50339	9.50203	9.5004	9.49873	9.49719	9.49569	9.49462	9.49479	9.49615	9.4974	9.49692	9.4941	9.49012	9.48735	9.48728	9.48889	9.48975	9.48834	9.48479	9.47992	9.47407	9.46722	9.45965	9.45214	9.44566	9.44079	9.43758	9.4357	9.43472	9.43427	9.43407	9.434	9.43397	9.43397	9.43396	9.43396	9.43396	9.43396	9.43396	9.43396	9.43396	9.43396	9.43396	9.43396	9.43396	9.43396	9.43396	9.43396	9.43396	9.43396	9.43396	9.43396	9.43396	9.43396	9.43396	9.43396	9.43396	9.43396	9.43396	9.43396	9.43396	9.43396	9.43396	9.43396	9.43396	9.43396	9.43396
	9.48417	9.47063	9.4518	9.44497	9.42917	9.43112	9.43181	9.43359	9.43614	9.43451	9.43426	9.43475	9.43375	9.43413	9.43652	9.43964	9.43467	9.42997	9.44905	9.50817	9.51389	9.51488	9.51195	9.51157	9.51261	9.51124	9.50939	9.50917	9.50862	9.50701	9.50579	9.50509	9.50396	9.50262	9.50164	9.50051	9.49908	9.49785	9.49672	9.49561	9.49531	9.49627	9.49755	9.49734	9.49428	9.48908	9.48452	9.48308	9.48453	9.48628	9.48611	9.4837	9.4798	9.47481	9.46863	9.46137	9.45381	9.447	9.44171	9.43814	9.436	9.43487	9.43433	9.4341	9.43401	9.43398	9.43397	9.43396	9.43396	9.43396	9.43396	9.43396	9.43396	9.43396	9.43396	9.43396	9.43396	9.43396	9.43396	9.43396	9.43396	9.43396	9.43396	9.43396	9.43396	9.43396	9.43396	9.43396	9.43396	9.43396	9.43396	9.43396	9.43396	9.43396	9.43396	9.43396	9.43396	9.43396	9.43396	9.43396
	9.51257	9.48074	9.45614	9.45913	9.45521	9.45447	9.44843	9.44318	9.44696	9.44376	9.443	9.44464	9.44345	9.43857	9.44165	9.43525	9.42946	9.43877	9.46826	9.51498	9.51096	9.51181	9.51223	9.51154	9.51086	9.51018	9.5094	9.50829	9.50725	9.50634	9.50535	9.50426	9.50314	9.50209	9.50114	9.50017	9.4993	9.49857	9.49773	9.49674	9.49618	9.4965	9.49724	9.49693	9.49382	9.48785	9.48183	9.47907	9.48015	9.4826	9.48368	9.48252	9.4797	9.47561	9.47007	9.46309	9.45544	9.4483	9.4426	9.43867	9.43629	9.43501	9.43439	9.43412	9.43402	9.43398	9.43397	9.43396	9.43396	9.43396	9.43396	9.43396	9.43396	9.43396	9.43396	9.43396	9.43396	9.43396	9.43396	9.43396	9.43396	9.43396	9.43396	9.43396	9.43396	9.43396	9.43396	9.43396	9.43396	9.43396	9.43396	9.43396	9.43396	9.43396	9.43396	9.43396	9.43396	9.43396	9.43396	9.43396
	9.58615	9.54317	9.47823	9.47841	9.4804	9.48348	9.48897	9.48326	9.48326	9.48255	9.47773	9.47799	9.47652	9.47532	9.47494	9.47227	9.47767	9.48499	9.49107	9.51067	9.50798	9.50845	9.51229	9.5119	9.5095	9.50916	9.50933	9.50776	9.50624	9.50567	9.50482	9.50347	9.5024	9.50169	9.50086	9.49986	9.4993	9.49928	9.49894	9.49797	9.49691	9.49624	9.49611	9.49566	9.49287	9.48668	9.47946	9.47533	9.47591	9.47897	9.48126	9.48136	9.47958	9.47633	9.47138	9.46469	9.45698	9.44955	9.44348	9.43921	9.43658	9.43515	9.43445	9.43415	9.43403	9.43398	9.43397	9.43396	9.43396	9.43396	9.43396	9.43396	9.43396	9.43396	9.43396	9.43396	9.43396	9.43396	9.43396	9.43396	9.43396	9.43396	9.43396	9.43396	9.43396	9.43396	9.43396	9.43396	9.43396	9.43396	9.43396	9.43396	9.43396	9.43396	9.43396	9.43396	9.43396	9.43396	9.43396	9.43396
	9.57557	9.54183	9.52666	9.52818	9.52558	9.52535	9.5253	9.52417	9.52277	9.5213	9.52089	9.51778	9.51897	9.5149	9.51826	9.51135	9.51975	9.5084	9.51853	9.51115	9.51063	9.5117	9.50976	9.50942	9.51023	9.5095	9.50792	9.50709	9.50641	9.50516	9.50401	9.5031	9.50199	9.50103	9.50046	9.4999	9.49958	9.49977	9.49973	9.49888	9.49752	9.49598	9.49469	9.4937	9.4912	9.48517	9.47718	9.47189	9.4719	9.47543	9.47887	9.48023	9.47953	9.47708	9.47269	9.46623	9.45844	9.45071	9.44429	9.43971	9.43685	9.43528	9.43451	9.43417	9.43403	9.43399	9.43397	9.43396	9.43396	9.43396	9.43396	9.43396	9.43396	9.43396	9.43396	9.43396	9.43396	9.43396	9.43396	9.43396	9.43396	9.43396	9.43396	9.43396	9.43396	9.43396	9.43396	9.43396	9.43396	9.43396	9.43396	9.43396	9.43396	9.43396	9.43396	9.43396	9.43396	9.43396	9.43396	9.43396
	9.55036	9.5371	9.53088	9.52709	9.52633	9.52615	9.52506	9.52417	9.52309	9.52169	9.52071	9.51958	9.51876	9.51741	9.51712	9.51583	9.51587	9.51412	9.5145	9.51237	9.51041	9.51064	9.50995	9.51	9.50998	9.50881	9.50758	9.50708	9.50621	9.50477	9.50364	9.50286	9.50179	9.50087	9.50045	9.5	9.49972	9.50007	9.5002	9.49939	9.4977	9.49525	9.49286	9.49135	9.4891	9.48339	9.47502	9.46879	9.46824	9.47212	9.47661	9.47921	9.47955	9.47787	9.47394	9.46764	9.45976	9.45177	9.44502	9.44015	9.43709	9.4354	9.43456	9.43419	9.43404	9.43399	9.43397	9.43396	9.43396	9.43396	9.43396	9.43396	9.43396	9.43396	9.43396	9.43396	9.43396	9.43396	9.43396	9.43396	9.43396	9.43396	9.43396	9.43396	9.43396	9.43396	9.43396	9.43396	9.43396	9.43396	9.43396	9.43396	9.43396	9.43396	9.43396	9.43396	9.43396	9.43396	9.43396	9.43396
	9.53206	9.52955	9.52839	9.52755	9.52645	9.52565	9.52433	9.52311	9.52288	9.52169	9.52016	9.51942	9.51848	9.51777	9.51661	9.51645	9.51458	9.51537	9.51315	9.51259	9.51176	9.51086	9.51115	9.5105	9.50902	9.50867	9.50836	9.50695	9.50566	9.50498	9.50401	9.50266	9.50168	9.50118	9.50065	9.50016	9.50018	9.50033	9.4999	9.49898	9.49743	9.49446	9.4909	9.48867	9.48664	9.48134	9.47279	9.46589	9.46491	9.46912	9.4746	9.47836	9.4797	9.47873	9.47517	9.46896	9.46093	9.45267	9.44562	9.44051	9.43729	9.4355	9.43461	9.43421	9.43405	9.43399	9.43397	9.43397	9.43396	9.43396	9.43396	9.43396	9.43396	9.43396	9.43396	9.43396	9.43396	9.43396	9.43396	9.43396	9.43396	9.43396	9.43396	9.43396	9.43396	9.43396	9.43396	9.43396	9.43396	9.43396	9.43396	9.43396	9.43396	9.43396	9.43396	9.43396	9.43396	9.43396	9.43396	9.43396
	9.5315	9.52598	9.52746	9.52786	9.52535	9.52404	9.52483	9.52317	9.52165	9.52138	9.52051	9.51918	9.5182	9.5178	9.51673	9.51628	9.51508	9.51492	9.51321	9.51316	9.51283	9.5117	9.5111	9.51043	9.50973	9.50915	9.50831	9.50721	9.5063	9.50527	9.50407	9.50315	9.50241	9.5017	9.50114	9.50065	9.50038	9.50011	9.49922	9.498	9.4964	9.49322	9.48902	9.48611	9.48399	9.47903	9.47056	9.46327	9.46196	9.46642	9.47278	9.47769	9.48004	9.47969	9.4764	9.47016	9.46192	9.45339	9.44609	9.44079	9.43743	9.43556	9.43464	9.43422	9.43405	9.43399	9.43397	9.43397	9.43396	9.43396	9.43396	9.43396	9.43396	9.43396	9.43396	9.43396	9.43396	9.43396	9.43396	9.43396	9.43396	9.43396	9.43396	9.43396	9.43396	9.43396	9.43396	9.43396	9.43396	9.43396	9.43396	9.43396	9.43396	9.43396	9.43396	9.43396	9.43396	9.43396	9.43396	9.43396
	9.52856	9.52659	9.52611	9.52531	9.52571	9.52409	9.52342	9.52347	9.52167	9.52068	9.52019	9.51946	9.51841	9.51761	9.51685	9.5162	9.51565	9.51457	9.51444	9.51359	9.51271	9.51248	9.51161	9.51101	9.51068	9.50958	9.50846	9.50804	9.50727	9.5058	9.5048	9.50431	9.50334	9.50225	9.50175	9.50138	9.50072	9.49956	9.49789	9.49638	9.49489	9.49175	9.48717	9.48375	9.48143	9.47657	9.46812	9.4607	9.45935	9.46417	9.47134	9.47729	9.48056	9.48077	9.47763	9.47124	9.46272	9.4539	9.44639	9.44094	9.43751	9.4356	9.43465	9.43423	9.43406	9.43399	9.43397	9.43396	9.43396	9.43396	9.43396	9.43396	9.43396	9.43396	9.43396	9.43396	9.43396	9.43396	9.43396	9.43396	9.43396	9.43396	9.43396	9.43396	9.43396	9.43396	9.43396	9.43396	9.43396	9.43396	9.43396	9.43396	9.43396	9.43396	9.43396	9.43396	9.43396	9.43396	9.43396	9.43396
	9.52173	9.52614	9.52474	9.5241	9.5255	9.52562	9.52184	9.52235	9.52231	9.52095	9.5195	9.51932	9.51866	9.51771	9.51701	9.51644	9.5159	9.51499	9.51495	9.51413	9.51342	9.5131	9.51239	9.5118	9.51114	9.51045	9.50977	9.50891	9.50787	9.50697	9.50635	9.50563	9.50439	9.50317	9.50248	9.50178	9.5007	9.49903	9.49656	9.49433	9.49271	9.4899	9.48554	9.48187	9.47912	9.47408	9.4657	9.45832	9.45699	9.46212	9.47008	9.47714	9.48136	9.48207	9.47891	9.4722	9.46331	9.45419	9.44649	9.44096	9.43751	9.43559	9.43465	9.43422	9.43406	9.43399	9.43397	9.43397	9.43396	9.43396	9.43396	9.43396	9.43396	9.43396	9.43396	9.43396	9.43396	9.43396	9.43396	9.43396	9.43396	9.43396	9.43396	9.43396	9.43396	9.43396	9.43396	9.43396	9.43396	9.43396	9.43396	9.43396	9.43396	9.43396	9.43396	9.43396	9.43396	9.43396	9.43396	9.43396
	9.52998	9.52296	9.52604	9.526	9.5224	9.52465	9.52414	9.52169	9.52105	9.52095	9.52009	9.51908	9.5184	9.51794	9.51737	9.51663	9.51617	9.51581	9.5151	9.51473	9.51448	9.51366	9.51322	9.51284	9.51204	9.51148	9.5109	9.50993	9.50913	9.50861	9.50789	9.50684	9.50551	9.50418	9.50311	9.50211	9.50071	9.49826	9.49496	9.49229	9.49055	9.48797	9.48402	9.48051	9.47732	9.47163	9.46302	9.45587	9.45492	9.46055	9.46928	9.47732	9.48241	9.4835	9.48018	9.47301	9.46363	9.45421	9.44639	9.44085	9.43742	9.43554	9.43462	9.43422	9.43405	9.43399	9.43397	9.43397	9.43396	9.43396	9.43396	9.43396	9.43396	9.43396	9.43396	9.43396	9.43396	9.43396	9.43396	9.43396	9.43396	9.43396	9.43396	9.43396	9.43396	9.43396	9.43396	9.43396	9.43396	9.43396	9.43396	9.43396	9.43396	9.43396	9.43396	9.43396	9.43396	9.43396	9.43396	9.43396
	9.54127	9.5217	9.52636	9.52707	9.52543	9.52112	9.52409	9.52197	9.52138	9.52015	9.5203	9.51896	9.51862	9.51789	9.51766	9.5169	9.51651	9.51614	9.51576	9.51548	9.51514	9.51439	9.51396	9.51365	9.51343	9.51279	9.51188	9.51106	9.51047	9.50993	9.50943	9.50849	9.50656	9.5045	9.50332	9.50225	9.50055	9.49795	9.49416	9.49026	9.48769	9.48573	9.48311	9.48002	9.47606	9.46943	9.46051	9.45352	9.45286	9.45896	9.4686	9.47784	9.48391	9.48527	9.48155	9.47368	9.46369	9.45394	9.44605	9.44057	9.43724	9.43545	9.43458	9.4342	9.43404	9.43399	9.43397	9.43396	9.43396	9.43396	9.43396	9.43396	9.43396	9.43396	9.43396	9.43396	9.43396	9.43396	9.43396	9.43396	9.43396	9.43396	9.43396	9.43396	9.43396	9.43396	9.43396	9.43396	9.43396	9.43396	9.43396	9.43396	9.43396	9.43396	9.43396	9.43396	9.43396	9.43396	9.43396	9.43396
	9.5141	9.52988	9.52612	9.52151	9.52908	9.52202	9.5223	9.52127	9.52213	9.52011	9.52002	9.51891	9.5189	9.51784	9.51774	9.51722	9.51692	9.51634	9.51633	9.516	9.51566	9.51529	9.51481	9.5144	9.51439	9.51389	9.51308	9.51227	9.51155	9.51102	9.51066	9.50957	9.50733	9.5049	9.50327	9.50209	9.50058	9.49786	9.49345	9.48858	9.48527	9.48366	9.48242	9.48024	9.47565	9.46761	9.45788	9.45104	9.45092	9.45766	9.46823	9.47867	9.48569	9.48723	9.48293	9.47416	9.46348	9.4534	9.44549	9.44015	9.43698	9.43531	9.43451	9.43417	9.43403	9.43399	9.43397	9.43396	9.43396	9.43396	9.43396	9.43396	9.43396	9.43396	9.43396	9.43396	9.43396	9.43396	9.43396	9.43396	9.43396	9.43396	9.43396	9.43396	9.43396	9.43396	9.43396	9.43396	9.43396	9.43396	9.43396	9.43396	9.43396	9.43396	9.43396	9.43396	9.43396	9.43396	9.43396	9.43396
	9.57634	9.53982	9.53008	9.52633	9.52004	9.52459	9.52158	9.52278	9.52051	9.52107	9.51937	9.51952	9.5183	9.51837	9.51761	9.51756	9.51685	9.51669	9.51649	9.51657	9.51619	9.51575	9.51512	9.51508	9.51516	9.51495	9.51401	9.51276	9.5119	9.51187	9.51184	9.51058	9.50766	9.5046	9.50282	9.50202	9.50109	9.49855	9.49319	9.48669	9.48264	9.48216	9.48287	9.48142	9.47573	9.46599	9.4553	9.44841	9.44879	9.45646	9.46841	9.48033	9.48817	9.48951	9.4842	9.47426	9.46278	9.45242	9.44462	9.43954	9.43662	9.43512	9.43442	9.43413	9.43402	9.43398	9.43397	9.43396	9.43396	9.43396	9.43396	9.43396	9.43396	9.43396	9.43396	9.43396	9.43396	9.43396	9.43396	9.43396	9.43396	9.43396	9.43396	9.43396	9.43396	9.43396	9.43396	9.43396	9.43396	9.43396	9.43396	9.43396	9.43396	9.43396	9.43396	9.43396	9.43396	9.43396	9.43396	9.43396
	9.67862	9.54546	9.50121	9.55298	9.50142	9.5376	9.51286	9.52905	9.5151	9.5256	9.51582	9.52235	9.51583	9.52029	9.51623	9.51879	9.51584	9.51741	9.51581	9.51735	9.51622	9.5161	9.51466	9.51532	9.51535	9.51587	9.51443	9.51269	9.5115	9.51217	9.51265	9.51159	9.50804	9.50398	9.50163	9.50189	9.50231	9.49979	9.49326	9.48543	9.48048	9.48057	9.48343	9.48379	9.4775	9.46543	9.45281	9.44543	9.44629	9.45499	9.46848	9.4821	9.49102	9.4922	9.4857	9.47437	9.46193	9.45127	9.4436	9.43882	9.43619	9.4349	9.43432	9.43409	9.434	9.43398	9.43397	9.43396	9.43396	9.43396	9.43396	9.43396	9.43396	9.43396	9.43396	9.43396	9.43396	9.43396	9.43396	9.43396	9.43396	9.43396	9.43396	9.43396	9.43396	9.43396	9.43396	9.43396	9.43396	9.43396	9.43396	9.43396	9.43396	9.43396	9.43396	9.43396	9.43396	9.43396	9.43396	9.43396

	0	0	0	0	0	0	0	0	0	0	0	0	0	0	0	0	0	0	0	0	-0.000396427	-7.87511e-05	-0.000117782	0.000110675	0.000100588	7.74935e-05	8.29414e-05	0.000121306	0.000154071	0.000150115	0.000163245	0.000191033	0.000195302	0.000184773	0.000186339	0.000193714	0.000194123	0.000205393	0.000228144	0.000232145	0.00019372	0.000112304	-1.30528e-06	-0.000113536	-0.000171517	-0.000136375	-1.45612e-05	0.000153239	0.00032085	0.000456761	0.000550027	0.000600673	0.000604697	0.000556409	0.000462511	0.000345304	0.000231055	0.000138492	7.4518e-05	3.62671e-05	1.59302e-05	6.22132e-06	2.15165e-06	6.97508e-07	2.37603e-07	6.17141e-08	1.76503e-08	1.36018e-08	9.66625e-09	3.29657e-09	-4.9132e-09	-2.76793e-10	1.1245e-09	5.18065e-10	-9.04936e-10	5.09055e-10	-6.33284e-10	4.81593e-10	-5.9923e-10	4.38867e-10	-2.75202e-10	1.69066e-10	-7.35004e-11	1.00313e-11	-2.03418e-11	7.57599e-11	-7.13353e-11	-2.17308e-12	5.72378e-11	-3.60263e-11	-2.52304e-11	5.39554e-11	-3.35699e-11	1.72364e-12	1.46917e-11	-1.69628e-11	1.03807e-11	-2.24217e-12	2.11136e-13	1.17046e-11
	0	0	0	0	0	0	0	0	0	0	0	0	0	0	0	0	0	0	0	0	-0.00230308	-0.000747252	6.61779e-05	0.000220398	0.00041128	0.000622227	0.000937856	0.00110476	0.00124238	0.00138478	0.00148274	0.00154263	0.0016022	0.00164025	0.00163651	0.00160964	0.00158213	0.00156442	0.00157378	0.00161615	0.0016639	0.00167811	0.00164963	0.0016088	0.00160942	0.0016925	0.00185196	0.00202865	0.00214742	0.00216557	0.00208555	0.00192845	0.00170981	0.00143915	0.00113311	0.000823552	0.000548213	0.000333266	0.00018484	9.3514e-05	4.33452e-05	1.85056e-05	7.27596e-06	2.64377e-06	9.49104e-07	3.55035e-07	1.39713e-07	6.28619e-08	2.4828e-08	1.81878e-08	1.21172e-08	2.20278e-09	1.71016e-09	2.07226e-09	7.49175e-10	6.17201e-11	4.60853e-10	8.57756e-11	-1.21245e-10	1.08008e-11	1.7611e-10	-2.69491e-10	1.79582e-10	-4.9943e-11	1.62364e-11	-9.81723e-13	-2.06068e-11	-2.01954e-11	9.92039e-11	-9.62311e-11	-2.78265e-11	1.23305e-10	-7.21882e-11	-4.04866e-11	7.8155e-11	-3.00519e-11	-1.64572e-11	1.81224e-11	-5.70534e-12	4.11145e-13
	0	0	0	0	0	0	0	0	0	0	0	0	0	0	0	0	0	0	0	0	-0.00143919	-0.00135855	-0.000548752	7.53823e-05	0.000878501	0.00154607	0.00199533	0.00234049	0.00265399	0.00292167	0.0031272	0.00326298	0.00335077	0.00341427	0.00344528	0.00343026	0.00338751	0.00334003	0.0032958	0.00326976	0.00327991	0.00331434	0.00335149	0.00339899	0.00348901	0.00364341	0.00384702	0.00403445	0.00411357	0.00402041	0.00375392	0.00335728	0.00287541	0.00234265	0.00179546	0.00127909	0.000838757	0.000503567	0.000276391	0.000138473	6.31381e-05	2.62321e-05	1.0058e-05	3.53717e-06	1.12352e-06	3.61087e-07	1.35108e-07	5.83205e-08	2.13207e-08	2.32018e-09	4.81236e-09	4.91186e-09	-1.28619e-09	-1.55269e-09	-1.54036e-10	-8.1585e-10	-1.26051e-11	9.36663e-11	8.10735e-11	-1.97693e-11	-1.0411e-10	8.80924e-11	-6.82176e-12	-5.47275e-11	3.71212e-11	3.92319e-11	-3.03607e-11	-5.42235e-11	6.37195e-11	3.31508e-12	-5.34715e-11	3.54079e-11	4.90452e-12	-1.46737e-11	5.24211e-12	1.02319e-12	-1.23656e-13	-1.14082e-12	-2.65129e-13	5.88301e-13
	0	0	0	0	0	0	0	0	0	0	0	0	0	0	0	0	0	0	0	0	-0.00200651	-0.00146352	-0.000636857	0.00040031	0.00124521	0.00170009	0.00211546	0.00261415	0.00300647	0.00321972	0.00339064	0.00356638	0.00367417	0.00370172	0.00371251	0.00371955	0.00369204	0.00363347	0.00358208	0.00355825	0.0035647	0.00359474	0.0036209	0.003608	0.00356318	0.00354102	0.00358604	0.0036756	0.00372753	0.00366089	0.00344856	0.00311712	0.0027102	0.00225728	0.00177871	0.00130678	0.000885195	0.00054918	0.000311028	0.000160736	7.59721e-05	3.28688e-05	1.29813e-05	4.7492e-06	1.67193e-06	5.82208e-07	2.16247e-07	7.97005e-08	3.97975e-08	2.30985e-08	5.76071e-09	1.71603e-09	3.90586e-09	7.97557e-10	1.51366e-09	2.84844e-10	7.38782e-11	-1.15564e-10	1.40089e-11	5.54406e-11	-1.29674e-10	-1.10943e-11	1.66479e-10	-7.43775e-11	-5.01436e-11	8.14524e-11	-5.67511e-12	-8.10923e-11	5.84224e-11	1.15865e-11	-4.29174e-11	2.19268e-11	6.87821e-12	-8.45565e-12	-9.81882e-13	2.4185e-12	1.13752e-12	-1.4681e-12	-6.52226e-13	7.53852e-13
	0	0	0	0	0	0	0	0	0	0	0	0	0	0	0	0	0	0	0	0	-0.00102041	-0.000408406	-0.000116218	0.000541575	0.00121092	0.00189329	0.00246336	0.00277287	0.00302849	0.00330756	0.00349993	0.00359867	0.00368824	0.00375264	0.0037575	0.00372584	0.00367904	0.00361243	0.00355066	0.00353178	0.00356979	0.00363985	0.00368896	0.00365755	0.00353812	0.00340528	0.00335487	0.00340767	0.00348686	0.00348482	0.0033472	0.00309058	0.00275641	0.00236598	0.00192643	0.00146168	0.00102	0.000649508	0.000375876	0.000197678	9.47436e-05	4.13897e-05	1.63515e-05	5.91777e-06	2.03371e-06	6.46695e-07	2.08099e-07	7.11414e-08	3.13924e-08	1.91558e-08	6.22799e-09	-3.92124e-09	1.45911e-09	-5.33915e-10	-4.44282e-10	-2.68437e-10	8.24551e-11	-2.48696e-10	2.25096e-10	-4.51934e-11	-4.49478e-11	-1.41493e-10	1.67779e-10	2.49421e-11	-8.86117e-11	-9.18931e-12	9.34486e-11	-6.76484e-11	-2.63976e-11	5.55216e-11	-1.02625e-11	-2.85709e-11	2.07577e-11	5.67529e-12	-1.3267e-11	4.99589e-12	1.94045e-12	-1.59231e-12	-1.01168e-12	9.04299e-13
	0	0	0	0	0	0	0	0	0	0	0	0	0	0	0	0	0	0	0	0	-0.000964517	-0.000707538	0.000154546	0.00109048	0.00167815	0.00223246	0.00273298	0.00303403	0.00325803	0.00348106	0.00364406	0.00371523	0.00376066	0.00380433	0.00382256	0.00380307	0.00377064	0.00372638	0.00365764	0.00359277	0.00358916	0.00365193	0.00371892	0.00370856	0.0035822	0.00338721	0.00324366	0.00323707	0.00332232	0.00336886	0.00328646	0.00307502	0.00277682	0.00241709	0.00200257	0.00155049	0.00110418	0.000716761	0.000423091	0.000227032	0.000110625	4.90791e-05	2.00171e-05	7.50962e-06	2.57288e-06	8.37146e-07	2.96661e-07	1.25468e-07	4.58431e-08	6.85968e-09	1.31e-08	7.8554e-09	1.6975e-09	4.41415e-10	3.61987e-10	-6.84574e-10	5.57548e-10	-2.50166e-10	3.1422e-10	-3.92401e-11	6.0644e-11	-1.83814e-10	1.1757e-10	2.72824e-11	-2.73751e-11	-4.57556e-11	5.60869e-11	-1.2548e-11	-3.41469e-11	2.62285e-11	1.23774e-11	-3.23567e-11	1.63262e-11	1.08511e-11	-1.64114e-11	5.41928e-12	2.64843e-12	-1.69221e-12	-1.33301e-12	1.0365e-12
	0	0	0	0	0	0	0	0	0	0	0	0	0	0	0	0	0	0	0	0	-0.00202897	-0.000828132	0.000266016	0.00133813	0.00226491	0.00271835	0.00296363	0.00332932	0.00360719	0.00367344	0.00375082	0.00387847	0.00392379	0.00389689	0.00389344	0.00388459	0.00383799	0.00378908	0.00375043	0.00370913	0.00369897	0.00374587	0.00380288	0.0037757	0.00360216	0.0033203	0.00307133	0.00298553	0.00305674	0.00315218	0.00314812	0.00301702	0.00279171	0.00249417	0.00212233	0.00168557	0.00122844	0.000813827	0.000488776	0.000266143	0.000131441	5.8988e-05	2.41886e-05	9.00644e-06	3.06827e-06	1.03014e-06	3.35402e-07	1.02141e-07	4.24165e-08	1.26154e-08	5.71137e-09	2.2525e-09	-1.74156e-09	-7.07016e-10	1.42419e-09	-3.93786e-10	3.29157e-10	-4.57767e-10	1.88239e-10	-2.53078e-10	1.82611e-10	-1.39252e-10	5.48014e-11	5.2291e-11	-2.48997e-12	-7.37443e-11	6.19673e-11	-1.2946e-12	-4.8257e-11	2.99606e-11	1.94715e-11	-4.04046e-11	1.8489e-11	1.34007e-11	-1.89465e-11	5.78154e-12	3.2482e-12	-1.77086e-12	-1.60753e-12	1.14923e-12
	0	0	0	0	0	0	0	0	0	0	0	0	0	0	0	0	0	0	0	0	-0.000512418	-0.000226352	0.00125226	0.00229239	0.00292032	0.00335011	0.00359963	0.00374264	0.00386105	0.00395564	0.00401174	0.00402906	0.00403447	0.00403042	0.00401336	0.0039794	0.00394202	0.00390439	0.00385853	0.00380019	0.00375517	0.00375308	0.00378214	0.00376411	0.00360307	0.00329215	0.00297256	0.00281823	0.0028686	0.00300028	0.00306045	0.00299013	0.00281348	0.00255516	0.00221036	0.00178415	0.00132127	0.000888902	0.000540976	0.000297947	0.000149195	6.79862e-05	2.80911e-05	1.06132e-05	3.77059e-06	1.26319e-06	3.90472e-07	1.15982e-07	5.73452e-08	3.42425e-08	6.39408e-09	-1.7828e-09	3.81908e-09	7.65916e-10	3.34807e-10	-4.37343e-10	3.71406e-10	-2.3915e-10	3.37883e-10	-2.96759e-10	1.45066e-10	-5.93367e-11	4.17544e-11	-1.80314e-11	5.17096e-11	-6.95159e-11	3.061e-11	1.61961e-11	-4.70605e-11	2.39194e-11	2.47211e-11	-4.45966e-11	1.96815e-11	1.53134e-11	-2.09499e-11	6.08574e-12	3.72346e-12	-1.83139e-12	-1.8271e-12	1.23939e-12
	0	0	0	0	0	0	0	0	0	0	0	0	0	0	0	0	0	0	0	0	-0.00133246	0.000614017	0.00286013	0.0036399	0.00364963	0.00388362	0.00420362	0.0042267	0.00418173	0.00425084	0.0042779	0.00420767	0.00416919	0.00416425	0.00412268	0.00406026	0.00403444	0.00402375	0.00398197	0.00391597	0.00385725	0.0038141	0.0037892	0.00374388	0.00357729	0.00323559	0.00284171	0.00261226	0.00263762	0.00280435	0.00293577	0.00294323	0.00283368	0.00262716	0.00231718	0.00190446	0.00143291	0.000977261	0.00060223	0.000335578	0.0001695	7.77011e-05	3.24132e-05	1.24289e-05	4.36778e-06	1.36943e-06	4.40827e-07	1.68268e-07	5.04758e-08	9.47458e-09	6.89042e-09	2.49529e-09	4.15146e-09	-9.34208e-10	-5.392e-10	-8.22372e-10	2.81404e-10	4.71157e-11	3.26962e-10	-3.2813e-10	1.67624e-10	-8.86523e-11	5.1462e-11	-3.34632e-11	5.25397e-11	-5.79286e-11	2.34373e-11	1.76568e-11	-4.55294e-11	2.2072e-11	2.69393e-11	-4.71161e-11	2.05922e-11	1.65386e-11	-2.23739e-11	6.33187e-12	4.06233e-12	-1.87605e-12	-1.98723e-12	1.30245e-12
	0	0	0	0	0	0	0	0	0	0	0	0	0	0	0	0	0	0	0	0	0.00467133	0.00538209	0.00467066	0.00467562	0.00500292	0.00491582	0.00469975	0.00465433	0.00465588	0.00456474	0.00447811	0.0044359	0.00437574	0.00429615	0.00424023	0.00418916	0.00414017	0.00411267	0.00408465	0.00401851	0.00392388	0.0038259	0.00374806	0.00368106	0.00353057	0.00319735	0.00276286	0.00246766	0.00245819	0.00264627	0.00283731	0.00291184	0.0028584	0.00269206	0.00240711	0.00200296	0.00152341	0.00104881	0.000652127	0.00036657	0.000186426	8.60826e-05	3.63438e-05	1.39967e-05	4.89384e-06	1.63121e-06	5.54951e-07	1.75782e-07	4.76472e-08	9.9995e-09	1.60731e-08	5.21144e-09	-2.17823e-09	-1.22263e-09	1.79725e-09	2.00119e-11	3.53739e-10	-3.985e-10	2.80374e-10	-4.15775e-10	2.14913e-10	-3.14223e-11	2.90301e-11	-4.49827e-11	6.47948e-11	-5.05963e-11	1.09521e-11	1.96817e-11	-4.16592e-11	1.9607e-11	2.76753e-11	-4.80281e-11	2.12008e-11	1.70481e-11	-2.3184e-11	6.51668e-12	4.25761e-12	-1.90672e-12	-2.08281e-12	1.33919e-12
	0.0105049	0.0110906	0.00996105	0.00774884	0.00728541	0.0074256	0.00759624	0.00773524	0.00786544	0.00797634	0.00814186	0.0081885	0.00822146	0.00823636	0.00833909	0.00822772	0.00849071	0.00860928	0.00901167	0.0105211	0.0105847	0.00930752	0.00787619	0.00672287	0.00603544	0.00560376	0.00534449	0.00520198	0.00505431	0.00486573	0.00473925	0.00465934	0.00454587	0.00443082	0.00436822	0.00431294	0.00425202	0.00421696	0.00418425	0.00410924	0.00399287	0.00384891	0.00371207	0.00360703	0.00345378	0.00312317	0.0026589	0.00230968	0.0022701	0.00248154	0.00273541	0.00288169	0.00288918	0.00276653	0.00250566	0.00210646	0.00161682	0.00112221	0.000702332	0.000396837	0.000203072	9.44934e-05	4.00013e-05	1.53692e-05	5.47065e-06	1.86996e-06	5.64064e-07	1.37542e-07	7.06601e-08	3.57168e-08	6.79561e-09	-2.27002e-09	9.05508e-10	1.27377e-09	7.93996e-10	-4.39935e-10	4.03657e-10	-6.28024e-10	5.00024e-10	-4.1206e-10	2.25553e-10	1.80727e-13	-3.40102e-12	-5.43055e-11	7.26933e-11	-4.07617e-11	2.26164e-13	1.96147e-11	-3.60269e-11	1.69058e-11	2.70092e-11	-4.7389e-11	2.14834e-11	1.68443e-11	-2.33623e-11	6.63468e-12	4.30652e-12	-1.92464e-12	-2.11e-12	1.35013e-12
	0.0100429	0.0107066	0.0116751	0.0120055	0.011758	0.0113866	0.011434	0.0117106	0.0118825	0.0119631	0.0119878	0.012079	0.0120827	0.0120853	0.0120012	0.0121181	0.0122058	0.012321	0.0127638	0.0131141	0.0127954	0.0110768	0.00894612	0.00747758	0.00670746	0.00632139	0.00598679	0.00560937	0.00534113	0.00519559	0.00503744	0.00484533	0.00471099	0.00462421	0.00451913	0.00441257	0.00435315	0.00430881	0.00423692	0.0041477	0.0040356	0.00386004	0.00366122	0.00352199	0.00337807	0.00306073	0.00258018	0.00219066	0.00212109	0.00234277	0.00264622	0.00285709	0.00292154	0.00283782	0.00259576	0.00219728	0.00169509	0.00118146	0.000742087	0.000420742	0.000216189	0.000100865	4.27679e-05	1.66243e-05	5.98948e-06	1.94543e-06	5.86268e-07	2.07406e-07	8.05799e-08	1.74082e-08	-3.65103e-09	1.10008e-09	7.77489e-09	-6.87473e-10	-1.76711e-09	-7.88774e-10	5.64846e-10	-1.19969e-10	4.34753e-10	-4.31323e-10	2.14653e-10	-3.06463e-11	2.94107e-12	-6.61956e-11	7.52765e-11	-2.69515e-11	-9.77693e-12	1.81813e-11	-2.95153e-11	1.41695e-11	2.51326e-11	-4.53055e-11	2.14153e-11	1.59584e-11	-2.2905e-11	6.67917e-12	4.2097e-12	-1.92965e-12	-2.06801e-12	1.33459e-12
	0.0100882	0.0108929	0.0116297	0.0122582	0.0125281	0.012624	0.0127758	0.0129342	0.0129757	0.013074	0.0130838	0.0130178	0.0129385	0.0129413	0.0128538	0.0127749	0.0127441	0.012828	0.0129307	0.0126151	0.0118322	0.0105181	0.0092635	0.00835	0.00752131	0.00683163	0.00635888	0.00602446	0.00574053	0.00548286	0.00525339	0.00506239	0.00490718	0.00476773	0.00464499	0.0045458	0.00446807	0.004384	0.00427684	0.00416932	0.00404962	0.00385597	0.00361713	0.00343641	0.00327817	0.00296579	0.00247745	0.00206216	0.00197742	0.00221895	0.00257595	0.00285233	0.00297071	0.00291887	0.00268753	0.00228316	0.0017643	0.0012308	0.000773993	0.000439472	0.000225926	0.000105393	4.48778e-05	1.7543e-05	6.24715e-06	2.03839e-06	6.94824e-07	2.42259e-07	4.27163e-08	6.27546e-09	1.8649e-08	8.54239e-09	1.94851e-10	-3.02717e-09	1.40763e-09	6.10985e-10	4.02369e-10	-1.57832e-10	1.24822e-10	-4.72224e-10	2.98623e-10	2.27796e-11	-3.83599e-11	-6.76475e-11	9.70217e-11	-3.02315e-11	-2.06626e-11	2.01296e-11	-2.37162e-11	1.15265e-11	2.23078e-11	-4.19293e-11	2.09666e-11	1.44456e-11	-2.18257e-11	6.64056e-12	3.97275e-12	-1.92226e-12	-1.95882e-12	1.29191e-12
	0.0101211	0.0099706	0.0107416	0.0114029	0.0121971	0.0128796	0.0130919	0.0131588	0.0131499	0.0131238	0.0131668	0.0131132	0.0129767	0.0128787	0.012842	0.0126831	0.012625	0.0124853	0.0122028	0.0118883	0.0112135	0.0103927	0.00954465	0.00863475	0.00781704	0.00721068	0.00675037	0.00637536	0.00602281	0.00570011	0.00546811	0.00529164	0.00509119	0.00489843	0.00477211	0.00467032	0.00455246	0.00442452	0.00429091	0.0041601	0.00402515	0.00383031	0.00358188	0.00337668	0.0032021	0.00288756	0.00239203	0.00195667	0.00185548	0.00210631	0.00250451	0.00284175	0.00301819	0.00300196	0.00277844	0.00236212	0.00182297	0.00126908	0.000796187	0.000451045	0.000231447	0.00010804	4.60452e-05	1.78727e-05	6.3496e-06	2.15481e-06	6.81506e-07	1.61066e-07	5.585e-08	3.62342e-08	1.37627e-08	-5.01673e-09	-5.23057e-09	9.95846e-10	2.2327e-09	-6.24037e-10	-1.52945e-10	-4.99643e-10	2.50637e-10	-3.69025e-10	3.549e-10	-2.69045e-11	-6.05775e-11	-1.84207e-11	5.38715e-11	-1.83624e-11	-8.08824e-12	5.97003e-12	-1.76973e-11	1.23345e-11	1.76634e-11	-3.74081e-11	2.01212e-11	1.23819e-11	-2.01528e-11	6.51111e-12	3.60399e-12	-1.90124e-12	-1.78528e-12	1.22325e-12
	0.0098706	0.00948691	0.0101721	0.0115264	0.0124761	0.0128972	0.0130963	0.0132417	0.013397	0.0132151	0.0130607	0.0130455	0.0130227	0.0128369	0.0126972	0.0125484	0.0124436	0.0121998	0.0118357	0.0114834	0.010917	0.0102537	0.0094873	0.00872904	0.00811711	0.00757508	0.00704193	0.0065927	0.00625171	0.00596073	0.00568965	0.00544744	0.00523187	0.00504767	0.00490022	0.00476571	0.00462741	0.00446888	0.00428413	0.00411891	0.00398678	0.00380333	0.00354905	0.00331919	0.00311328	0.00277612	0.00227163	0.00183762	0.00174757	0.00202679	0.00247425	0.00286963	0.0030921	0.00309571	0.00286509	0.00242566	0.00186113	0.00128761	0.000802986	0.000452613	0.000231413	0.000107726	4.57165e-05	1.77395e-05	6.40575e-06	2.16217e-06	6.4694e-07	2.02592e-07	1.06641e-07	2.61341e-08	-8.80736e-09	8.42635e-10	9.66392e-09	2.95957e-09	-2.02592e-09	-9.93404e-10	8.53185e-10	-2.54471e-10	5.05619e-10	-3.00983e-10	1.65593e-10	-1.03224e-11	-4.80399e-11	-4.28868e-11	8.76843e-11	-2.9177e-11	-2.81586e-11	2.76318e-11	-1.76055e-11	4.17961e-12	1.72301e-11	-3.20676e-11	1.85676e-11	9.85472e-12	-1.79306e-11	6.28243e-12	3.11483e-12	-1.86484e-12	-1.55198e-12	1.13057e-12
	0.0102202	0.00923844	0.00961152	0.0114579	0.0128864	0.0135358	0.0137165	0.0133299	0.0132088	0.0133088	0.0132322	0.0130414	0.0129299	0.0128208	0.0126773	0.0124887	0.0122424	0.0119936	0.0116892	0.0112607	0.0107578	0.0101641	0.00949489	0.00889161	0.00830621	0.00773414	0.00724222	0.00682073	0.00644941	0.00613965	0.00587079	0.00561737	0.00537625	0.0051576	0.00497464	0.00483188	0.00469843	0.00451405	0.00427648	0.00406503	0.00390993	0.0037381	0.00351935	0.00330893	0.0030799	0.00269976	0.00216868	0.00172602	0.00163357	0.00192653	0.00241877	0.00288181	0.00316595	0.00319889	0.00296073	0.00249134	0.00189374	0.00129716	0.000801397	0.000447818	0.000227106	0.000104786	4.4148e-05	1.7107e-05	6.10441e-06	1.97271e-06	6.26367e-07	2.21048e-07	4.11258e-08	-8.20823e-09	8.23744e-09	9.73401e-09	1.15579e-09	-6.12144e-09	-6.16169e-10	9.08975e-10	3.05792e-10	-1.26911e-10	8.07123e-11	-4.67627e-10	2.51753e-10	1.70507e-11	-6.31531e-11	2.63877e-11	1.15087e-11	-3.13615e-11	5.0126e-11	-3.71106e-11	-2.29249e-11	4.49876e-11	-6.64274e-12	-3.067e-11	2.39226e-11	4.93123e-12	-1.51461e-11	5.94839e-12	2.52043e-12	-1.81049e-12	-1.26531e-12	1.01463e-12
	0.010368	0.0118942	0.0127509	0.0137575	0.0137583	0.0134897	0.0134632	0.0134833	0.0131058	0.0130235	0.0129865	0.0129284	0.0127479	0.0126383	0.0124836	0.0123146	0.0120505	0.0117949	0.0114709	0.0110537	0.0105814	0.0100452	0.00948234	0.00894159	0.00837619	0.00785556	0.00740409	0.00698805	0.00659683	0.00627639	0.00601925	0.00576756	0.00549161	0.00524588	0.00506853	0.0049205	0.0047543	0.00454662	0.0042879	0.00403233	0.00384615	0.0037009	0.00353376	0.00333118	0.00305167	0.00261079	0.00205078	0.00161388	0.00154606	0.00187468	0.00241592	0.00293573	0.00326206	0.00330186	0.00303624	0.00252471	0.00189184	0.00127695	0.000777851	0.000429044	0.000215189	9.84967e-05	4.13206e-05	1.59432e-05	5.65702e-06	1.87925e-06	6.24739e-07	1.87756e-07	4.32769e-08	3.59487e-08	2.46946e-08	-2.4414e-09	-5.50482e-09	1.31391e-09	4.83258e-09	4.17101e-11	-6.68455e-10	-1.53778e-10	-4.97498e-11	-2.83329e-11	2.37175e-10	-9.38462e-11	3.30768e-11	-3.12726e-11	-2.48739e-12	5.19767e-11	-2.97619e-11	-2.67838e-11	3.15042e-11	-4.35801e-12	-7.81598e-12	-1.30695e-12	8.88265e-12	3.57217e-13	-8.42997e-12	4.48209e-12	1.83385e-12	-1.73503e-12	-9.33584e-13	8.78773e-13
	0.00947329	0.0106155	0.0127006	0.0136828	0.0139793	0.0128784	0.0116393	0.0117981	0.0118451	0.0117991	0.0116334	0.0116586	0.0115728	0.0115068	0.0113583	0.0112329	0.0110405	0.0108126	0.0105069	0.0101917	0.00979111	0.00933459	0.00885288	0.00838172	0.00793353	0.00750774	0.0070689	0.00667176	0.00634812	0.00609356	0.00586728	0.00562686	0.00535433	0.00510204	0.00492414	0.00480815	0.00468847	0.00449439	0.00419853	0.00388264	0.00366862	0.00357213	0.00350109	0.0033529	0.00303916	0.00252143	0.00191523	0.00148494	0.00145494	0.00184018	0.00246003	0.00306633	0.00344975	0.00348895	0.00317152	0.00259015	0.00190104	0.00125595	0.000749319	0.000405363	0.000199578	8.96988e-05	3.68748e-05	1.3897e-05	4.85649e-06	1.59293e-06	4.72506e-07	1.31235e-07	5.8028e-08	1.223e-08	-1.31991e-08	-3.20628e-09	5.53665e-09	1.89606e-09	-2.36851e-09	-1.88776e-09	3.1584e-10	2.89349e-10	8.9242e-11	-1.668e-10	1.89455e-10	-1.58447e-11	-1.08414e-10	-4.34571e-11	1.17415e-10	-5.62097e-11	-2.013e-11	-1.50484e-11	-9.40545e-13	6.04924e-11	-5.63253e-11	-1.88622e-11	5.67138e-11	-2.18797e-11	-1.37379e-11	1.3481e-11	-1.59558e-12	-1.54179e-12	-5.65905e-13	7.24849e-13
	0.0117642	0.0161507	0.0140501	0.00905253	0.00787791	0.0072604	0.00785568	0.00760459	0.00755139	0.00755632	0.00764367	0.00758809	0.00760408	0.00755184	0.00753775	0.00743316	0.00732851	0.00717868	0.00702061	0.00681266	0.00657675	0.00628813	0.00597603	0.00569905	0.00546079	0.00520077	0.0049346	0.00467278	0.00446765	0.00434733	0.00426377	0.00413338	0.00393279	0.00373125	0.00361771	0.00359684	0.00359502	0.00349179	0.00322265	0.00288985	0.00268468	0.00267875	0.00276317	0.00274179	0.00245259	0.00187988	0.00121387	0.000758488	0.00073884	0.00117274	0.00189095	0.00263434	0.00315341	0.00328855	0.00301822	0.00245415	0.00177791	0.00115408	0.000675258	0.000358126	0.000172985	7.64056e-05	3.09736e-05	1.165e-05	4.11368e-06	1.33434e-06	4.18499e-07	1.58698e-07	5.07229e-08	2.45981e-10	7.68061e-09	1.41063e-08	1.70135e-09	-3.58752e-09	6.44941e-11	1.7265e-09	4.43843e-10	-2.39102e-10	-7.78376e-11	2.35793e-10	-4.45625e-11	-4.0169e-10	1.33611e-10	3.66966e-11	-3.3182e-11	-1.17925e-11	1.23423e-10	-2.62024e-11	4.65553e-11	-1.98972e-11	-5.29185e-11	1.0608e-10	-3.84831e-11	-5.60252e-11	6.51254e-11	-1.2971e-11	-1.63817e-11	1.12876e-11	-2.99278e-12	5.56655e-13
	0	0	0	0	0	0	0	0	0	0	0	0	0	0	0	0	0	0	0	0	0	0	0	0	0	0	0	0	0	0	0	0	0	0	0	0	0	0	0	0	0	0	0	0	0	0	0	0	0	0	0	0	0	0	0	0	0	0	0	0	0	0	0	0	0	0	0	0	0	0	0	0	0	0	0	0	0	0	0	0	0	0	0	0	0	0	0	0	0	0	0	0	0	0	0	0	0	0	0	0

	0	0	0	0	0	0	0	0	0	0	0	0	0	0	0	0	0	0	0	0	-0.000398989	0.000120691	-0.000113345	-5.43238e-05	2.86973e-05	-2.67979e-05	-1.16792e-05	-4.72348e-05	-1.71576e-05	-2.53251e-05	-4.03922e-05	-4.25001e-05	-3.60834e-05	-4.86557e-05	-5.77252e-05	-5.10377e-05	-3.73023e-05	-2.59436e-05	-8.62821e-06	1.0983e-05	2.86322e-05	4.93734e-05	8.16955e-05	0.000111313	0.000116584	8.44238e-05	1.71846e-05	-7.17168e-05	-0.000157311	-0.000221086	-0.000258554	-0.000273738	-0.0002686	-0.000244238	-0.000203906	-0.000154678	-0.000105694	-6.51062e-05	-3.63347e-05	-1.84122e-05	-8.39188e-06	-3.46909e-06	-1.31116e-06	-4.81555e-07	-1.56948e-07	-4.00582e-08	-2.07961e-08	-1.06145e-08	-5.23147e-09	7.53702e-10	1.00703e-09	-2.51018e-09	6.19109e-10	-1.24872e-09	8.53636e-10	-8.67931e-10	8.59567e-10	-7.87281e-10	7.97638e-10	-7.25162e-10	6.56371e-10	-7.24667e-10	5.94909e-10	-3.2944e-10	2.13944e-10	-1.52568e-10	1.07761e-10	-4.71645e-11	-3.81674e-12	-2.27646e-11	5.46453e-11	-2.39828e-11	-3.85794e-11	2.658e-11	3.82643e-11	-6.27939e-11	2.89393e-11	2.41778e-11	-3.44262e-11	0
	0	0	0	0	0	0	0	0	0	0	0	0	0	0	0	0	0	0	0	0	-0.00178922	-0.000225826	-0.000511182	2.4036e-05	3.52873e-05	-0.00010911	-0.000173583	-0.000101894	-3.15678e-05	-0.000105483	-0.000111934	-8.07755e-05	-7.42339e-05	-0.000106132	-0.000100358	-7.87907e-05	-7.28455e-05	-7.71887e-05	-6.0392e-05	-3.97709e-05	-1.20953e-05	4.19771e-05	0.000130274	0.000213536	0.000251468	0.00021715	0.000109628	-4.84292e-05	-0.000210462	-0.000341212	-0.000429952	-0.000478564	-0.000484307	-0.000448189	-0.000377616	-0.000287845	-0.000197302	-0.000122185	-6.85915e-05	-3.49056e-05	-1.59721e-05	-6.7408e-06	-2.61237e-06	-9.06053e-07	-2.98069e-07	-8.78181e-08	-3.51906e-08	-2.51391e-08	3.36614e-09	-1.59116e-09	-3.16727e-09	-2.16145e-09	3.98204e-09	-4.35087e-09	2.90536e-09	-1.71952e-09	1.59344e-09	-1.52078e-09	1.38746e-09	-1.25643e-09	1.08097e-09	-9.6916e-10	8.98241e-10	-5.36905e-10	2.88111e-10	-2.53761e-10	1.78658e-10	-9.73585e-11	-3.62473e-11	4.60454e-11	2.2236e-11	-4.47207e-11	1.2627e-11	3.64978e-12	4.44647e-11	-5.3514e-11	1.45816e-11	2.75824e-11	-3.83924e-11	0
	0	0	0	0	0	0	0	0	0	0	0	0	0	0	0	0	0	0	0	0	-0.00217493	-0.00112474	-0.00101808	-0.000467203	-0.000599853	-0.000571613	-0.000422147	-0.000400717	-0.00033541	-0.000307109	-0.000262071	-0.000251119	-0.000217323	-0.00020699	-0.000183351	-0.000153611	-0.000117999	-0.000104525	-8.82825e-05	-7.36606e-05	-4.15215e-05	2.45513e-05	0.00013639	0.000245545	0.00029832	0.00025363	0.000115201	-8.12717e-05	-0.00027648	-0.000431758	-0.000534733	-0.000588147	-0.000587955	-0.000535581	-0.000442113	-0.000329214	-0.000219743	-0.000132119	-7.17828e-05	-3.53178e-05	-1.54852e-05	-6.21814e-06	-2.28257e-06	-7.36199e-07	-2.03135e-07	-5.6982e-08	-1.7264e-08	-1.45879e-08	1.65789e-09	-1.75402e-10	4.66425e-09	-8.51818e-09	9.17257e-09	-6.0414e-09	4.7827e-09	-3.47455e-09	3.22072e-09	-3.08069e-09	2.73729e-09	-2.42714e-09	2.33876e-09	-2.09181e-09	1.59655e-09	-9.44799e-10	5.29038e-10	-4.5665e-10	3.40748e-10	-9.36307e-11	-7.05674e-11	-8.30929e-13	9.07993e-11	-1.95602e-11	-5.01758e-11	-2.83609e-11	1.44257e-10	-1.14959e-10	-1.913e-11	9.0406e-11	-6.06117e-11	0
	0	0	0	0	0	0	0	0	0	0	0	0	0	0	0	0	0	0	0	0	-0.00142005	-0.0021487	-0.00198159	-0.00121545	-0.00135739	-0.00104563	-0.000863271	-0.00080963	-0.000664663	-0.000541217	-0.000469235	-0.000427224	-0.000348293	-0.00030685	-0.000274155	-0.000232632	-0.000173616	-0.000125657	-7.53946e-05	-3.50123e-05	2.79135e-06	5.12702e-05	0.000133569	0.000228528	0.000293384	0.000274804	0.000156086	-3.62974e-05	-0.000241741	-0.000411342	-0.000523366	-0.00057931	-0.000582637	-0.000538444	-0.000454292	-0.000347731	-0.000240312	-0.000150377	-8.51234e-05	-4.37715e-05	-2.04519e-05	-8.81584e-06	-3.4592e-06	-1.23353e-06	-4.09986e-07	-1.52229e-07	-4.78629e-08	-9.22104e-09	-6.95033e-09	-5.4997e-09	5.02154e-09	-9.19986e-09	7.32212e-09	-4.79906e-09	3.0886e-09	-2.85865e-09	2.43026e-09	-2.26693e-09	2.18283e-09	-2.29799e-09	2.25834e-09	-1.89525e-09	1.3864e-09	-9.20355e-10	6.26778e-10	-4.95129e-10	2.87807e-10	-4.55179e-11	-7.40519e-11	3.57137e-11	1.73169e-11	1.28847e-11	-9.48275e-12	-8.67127e-11	1.56397e-10	-9.66884e-11	-2.71859e-11	8.65989e-11	-5.66124e-11	0
	0	0	0	0	0	0	0	0	0	0	0	0	0	0	0	0	0	0	0	0	-0.00193146	-0.00266659	-0.00271379	-0.00214135	-0.00194593	-0.00157728	-0.00140072	-0.00115678	-0.000922547	-0.000791507	-0.000678448	-0.000564101	-0.000463052	-0.000400457	-0.00033375	-0.000271249	-0.000207323	-0.000144852	-7.61921e-05	-1.48579e-05	4.23309e-05	0.000101944	0.000179713	0.000267533	0.000331711	0.000318809	0.000202472	3.06878e-06	-0.000220412	-0.000412104	-0.00054123	-0.000606487	-0.000613528	-0.000568169	-0.000478989	-0.000365649	-0.000251935	-0.000156564	-8.76173e-05	-4.44721e-05	-2.04943e-05	-8.49469e-06	-3.13063e-06	-1.10016e-06	-3.33094e-07	-7.78435e-08	-1.8738e-08	3.08418e-09	-4.43135e-09	-1.57281e-09	9.41587e-09	-5.02083e-09	3.58133e-09	-3.01634e-09	2.57746e-09	-1.76418e-09	1.73884e-09	-1.16415e-09	1.53417e-09	-1.89397e-09	1.80316e-09	-1.51594e-09	1.24809e-09	-9.45886e-10	6.29811e-10	-3.93123e-10	1.71175e-10	-3.04887e-12	-4.86519e-11	2.42862e-11	-1.74035e-11	4.82511e-11	-1.77533e-11	-1.00765e-10	1.68508e-10	-9.60725e-11	-2.60339e-11	7.93077e-11	-5.12156e-11	0
	0	0	0	0	0	0	0	0	0	0	0	0	0	0	0	0	0	0	0	0	-0.00228243	-0.00314199	-0.00318289	-0.00302928	-0.0025497	-0.00218281	-0.00180223	-0.00142917	-0.00120783	-0.0010212	-0.000806653	-0.000665376	-0.000575111	-0.00047597	-0.00036989	-0.000298103	-0.000227926	-0.000142824	-5.13938e-05	3.01294e-05	0.000103902	0.000163867	0.00021605	0.000269423	0.000313293	0.000304972	0.000208251	2.48182e-05	-0.000196123	-0.000396032	-0.000535032	-0.000605235	-0.000613605	-0.000569697	-0.000484221	-0.000375048	-0.000263306	-0.000167175	-9.62083e-05	-5.04611e-05	-2.4097e-05	-1.04968e-05	-4.18311e-06	-1.5953e-06	-5.27759e-07	-1.56363e-07	-6.50119e-08	-1.89804e-08	-7.8857e-09	-4.46704e-09	2.73124e-09	-4.17762e-09	2.75437e-09	-2.95991e-09	2.04745e-09	-1.60016e-09	7.41764e-10	-9.12946e-10	1.28916e-09	-1.67607e-09	1.43952e-09	-1.19969e-09	1.19454e-09	-9.35752e-10	4.98319e-10	-2.57212e-10	1.66948e-10	-6.88692e-11	-4.11996e-11	8.43832e-11	-6.9561e-11	4.21078e-11	1.20791e-11	-1.02609e-10	1.4937e-10	-8.38527e-11	-2.33572e-11	6.95662e-11	-4.45563e-11	0
	0	0	0	0	0	0	0	0	0	0	0	0	0	0	0	0	0	0	0	0	-0.0027093	-0.00429851	-0.00407086	-0.00396929	-0.00318019	-0.00265813	-0.00214013	-0.00174868	-0.00143006	-0.00115312	-0.000927499	-0.000762459	-0.000619692	-0.000501087	-0.000403303	-0.000318434	-0.000226723	-0.000131935	-2.80664e-05	7.63609e-05	0.000165639	0.000226542	0.000264628	0.000291372	0.000311327	0.000297111	0.000208908	3.39948e-05	-0.000186248	-0.000390692	-0.000535888	-0.000610279	-0.000619498	-0.000575128	-0.00048921	-0.00037895	-0.000265729	-0.000168584	-9.68769e-05	-5.02836e-05	-2.3583e-05	-1.01752e-05	-3.96187e-06	-1.34556e-06	-3.95401e-07	-1.27704e-07	-3.30685e-08	7.02322e-09	5.47376e-09	8.04564e-11	6.72046e-11	-2.07368e-09	5.10543e-09	-1.9193e-09	1.76899e-09	-1.1056e-09	9.82048e-10	-7.10663e-10	1.01669e-09	-1.2581e-09	1.08762e-09	-9.78363e-10	1.11636e-09	-8.61662e-10	3.99916e-10	-1.86101e-10	1.30506e-10	-5.37636e-11	-5.46682e-11	8.8964e-11	-6.20912e-11	3.44931e-11	1.37237e-11	-8.85544e-11	1.24677e-10	-6.97001e-11	-1.93282e-11	5.76763e-11	-3.68002e-11	0
	0	0	0	0	0	0	0	0	0	0	0	0	0	0	0	0	0	0	0	0	-0.00203687	-0.00557793	-0.00554549	-0.00489115	-0.00377321	-0.00299478	-0.00242476	-0.00201662	-0.00156817	-0.00123401	-0.00102828	-0.00082792	-0.000629891	-0.000502306	-0.000406023	-0.000295348	-0.000191335	-0.00010196	7.4187e-06	0.000130537	0.000229848	0.000285572	0.000304591	0.00029903	0.000285255	0.000258064	0.00018336	3.19161e-05	-0.000173828	-0.000375633	-0.000523336	-0.000599144	-0.000607743	-0.000562668	-0.000478375	-0.000372028	-0.00026309	-0.000168988	-9.85484e-05	-5.22498e-05	-2.5294e-05	-1.12604e-05	-4.56717e-06	-1.70272e-06	-6.22974e-07	-2.12574e-07	-4.93247e-08	-1.55169e-08	-1.33891e-08	-2.81625e-09	2.44055e-09	-3.21916e-09	1.48361e-09	-2.81476e-09	5.33155e-10	-1.10361e-09	8.72245e-10	-4.13952e-10	5.19568e-10	-9.26183e-10	8.16938e-10	-8.03839e-10	9.77871e-10	-7.08702e-10	2.42118e-10	-9.76159e-11	1.06524e-10	-5.85272e-11	-5.1624e-11	9.70496e-11	-6.05092e-11	2.31423e-11	1.63605e-11	-7.05135e-11	9.60127e-11	-5.40317e-11	-1.41502e-11	4.40028e-11	-2.81402e-11	0
	0	0	0	0	0	0	0	0	0	0	0	0	0	0	0	0	0	0	0	0	-0.00225494	-0.00733984	-0.00706465	-0.00529728	-0.00415531	-0.00334058	-0.00260718	-0.00206847	-0.00166205	-0.00132709	-0.00103524	-0.000807912	-0.000640386	-0.000491197	-0.000358688	-0.000250818	-0.000151361	-4.27826e-05	7.10014e-05	0.000183469	0.000282549	0.000341424	0.00034377	0.00030796	0.000268294	0.000227139	0.000152624	1.43234e-05	-0.000176756	-0.000369973	-0.00051389	-0.000586844	-0.000593065	-0.000546305	-0.000461826	-0.000357565	-0.000252174	-0.000161301	-9.33668e-05	-4.92821e-05	-2.36923e-05	-1.02236e-05	-4.00975e-06	-1.46378e-06	-4.68188e-07	-1.00601e-07	-1.69088e-08	-1.06774e-08	-2.39211e-09	4.27858e-09	4.92437e-09	-1.59569e-09	1.34268e-09	2.35089e-10	1.10341e-09	-4.61573e-10	5.21288e-10	-1.23505e-10	2.65277e-10	-6.10336e-10	5.86126e-10	-4.87944e-10	7.10712e-10	-5.50213e-10	1.42513e-10	-3.06218e-11	5.34507e-11	-2.95173e-11	-4.79752e-11	8.38883e-11	-4.90564e-11	1.24558e-11	1.65414e-11	-4.93166e-11	6.44478e-11	-3.72816e-11	-8.07773e-12	2.8963e-11	-1.87888e-11	0
	0	0	0	0	0	0	0	0	0	0	0	0	0	0	0	0	0	0	0	0	-0.00479467	-0.00829254	-0.00789734	-0.00564442	-0.00428908	-0.00340694	-0.00269381	-0.00207256	-0.00166899	-0.00133334	-0.00101359	-0.000775079	-0.000608998	-0.000438657	-0.000287779	-0.000176955	-7.4648e-05	3.94816e-05	0.000143423	0.000236026	0.000321603	0.000374164	0.000365901	0.000309643	0.000243921	0.000185645	0.000112117	-8.72837e-06	-0.000178503	-0.000357464	-0.00049517	-0.000563864	-0.000565679	-0.000516086	-0.000432188	-0.000332113	-0.000233348	-0.000149562	-8.72527e-05	-4.64859e-05	-2.26603e-05	-1.0118e-05	-4.23949e-06	-1.62724e-06	-5.38864e-07	-1.97812e-07	-8.41947e-08	-1.76826e-08	3.59115e-09	-3.43149e-09	-6.0253e-09	-8.90759e-10	3.70868e-10	1.01732e-10	-5.18958e-10	-7.0428e-10	1.32731e-10	3.32393e-11	-1.01318e-10	-2.55876e-10	2.28538e-10	-1.76964e-10	4.60949e-10	-3.80958e-10	2.09857e-11	5.91027e-11	-1.55754e-12	-1.37551e-11	-3.37569e-11	6.49419e-11	-3.60789e-11	3.95076e-12	1.4074e-11	-2.58799e-11	3.11111e-11	-1.98861e-11	-1.40745e-12	1.30138e-11	-8.97421e-12	0
	0.000890139	0.00297319	0.00105952	0.000502292	-0.000662861	-0.000865906	-0.000348584	-0.000388706	-0.000506508	-0.000402483	-0.000433533	-0.000663715	-0.000556387	-0.000703155	-0.00061232	-0.000834287	-0.000304667	-0.00100947	-0.000382038	-0.00191038	-0.00547194	-0.00724126	-0.00695169	-0.00531276	-0.00406358	-0.00314235	-0.00257964	-0.00203225	-0.00158207	-0.0012264	-0.000969172	-0.00072751	-0.000516385	-0.000352376	-0.000220399	-8.34847e-05	3.76824e-05	0.000133003	0.000215314	0.000295118	0.000357679	0.000388849	0.000373273	0.000310476	0.000226903	0.000152897	7.63155e-05	-3.66218e-05	-0.000191498	-0.000353156	-0.000477277	-0.000537632	-0.000533351	-0.000479236	-0.000394854	-0.000298552	-0.000206391	-0.000130324	-7.51378e-05	-3.93569e-05	-1.87777e-05	-8.2457e-06	-3.29205e-06	-1.13792e-06	-3.65994e-07	-1.25277e-07	-9.11322e-09	1.33819e-08	1.76846e-09	-1.49658e-09	1.34188e-11	5.03448e-09	9.7928e-12	2.24245e-10	-7.50978e-10	5.23939e-10	3.03832e-10	5.71713e-10	-4.4015e-10	5.55682e-11	-1.00879e-10	1.64764e-10	1.47867e-10	-1.71147e-10	-8.05206e-11	1.25431e-10	-5.77684e-11	3.01708e-12	-1.29735e-11	3.98216e-11	-2.25277e-11	-1.59265e-12	9.01092e-12	-1.19605e-12	-2.85536e-12	-2.26745e-12	5.53438e-12	-3.36054e-12	1.06254e-12	0
	0.000258973	0.00166235	0.00219351	0.000934958	-0.000115843	-0.000710578	-0.000571519	-0.000353953	-0.00058839	-0.000439195	-0.000541687	-0.000472321	-0.000757788	-0.000406939	-0.000993605	-0.000318772	-0.00118393	-0.000508288	-0.00170444	-0.00241789	-0.00436097	-0.00544025	-0.00500561	-0.00430152	-0.00365777	-0.00285899	-0.00228644	-0.00184349	-0.0014708	-0.00111147	-0.000859767	-0.000630555	-0.000420747	-0.000248691	-0.000112791	2.56933e-05	0.000144543	0.000232519	0.000295752	0.000343941	0.000371893	0.000382909	0.000363293	0.000301484	0.000211425	0.000124968	4.20012e-05	-6.29152e-05	-0.000199719	-0.000342659	-0.000452906	-0.000503625	-0.000491428	-0.000431173	-0.000345579	-0.000254287	-0.000171683	-0.000106206	-6.04347e-05	-3.16713e-05	-1.5345e-05	-6.89442e-06	-2.85077e-06	-1.1051e-06	-4.46424e-07	-1.39965e-07	-2.67119e-08	-3.09345e-08	-1.59163e-08	2.64755e-09	1.21466e-09	3.1874e-10	-4.33217e-09	9.39728e-10	-9.70299e-10	7.2526e-10	-5.31486e-10	5.23714e-10	-8.44487e-10	4.86749e-10	-4.59565e-10	4.98376e-10	-1.48078e-10	2.89967e-11	-1.9232e-10	1.97255e-10	-1.08874e-10	1.47705e-11	1.42141e-11	9.5343e-12	-9.07391e-12	-3.86674e-12	1.66737e-12	2.37058e-11	-3.6339e-11	1.51752e-11	1.24003e-11	-1.96633e-11	1.10746e-11	0
	0.000188516	0.000265589	0.00178154	0.000756189	1.98136e-05	-0.000442894	-0.00087945	-0.000499201	-0.000535855	-0.000492995	-0.000551573	-0.000447225	-0.000652248	-0.000444792	-0.00079638	-0.000567304	-0.000947842	-0.0010244	-0.00173234	-0.00223037	-0.00323126	-0.00370388	-0.00364529	-0.00343063	-0.00298328	-0.00243166	-0.00198094	-0.00159069	-0.0012796	-0.000970241	-0.00071166	-0.000492665	-0.000317193	-0.000138493	1.3786e-05	0.000136172	0.000239738	0.000328084	0.000369335	0.000376722	0.000376646	0.000374068	0.000344107	0.000283069	0.000201706	0.000113263	1.94545e-05	-8.60208e-05	-0.000209639	-0.000334669	-0.00042893	-0.000466569	-0.000444561	-0.00037792	-0.000289989	-0.000202213	-0.000129183	-7.56737e-05	-4.06837e-05	-2.0121e-05	-9.21323e-06	-3.80797e-06	-1.46156e-06	-5.10554e-07	-1.37292e-07	-1.56518e-08	-7.67038e-09	-2.68657e-09	1.6471e-08	7.94654e-09	-4.8599e-09	2.15277e-09	-1.41835e-09	3.53781e-09	-1.15954e-09	1.0752e-09	-7.375e-10	7.50921e-10	-8.93302e-10	8.4537e-10	-7.76597e-10	8.94645e-10	-5.6211e-10	2.78526e-10	-2.65958e-10	2.10355e-10	-1.43994e-10	3.68202e-11	3.99813e-11	-2.47623e-11	3.81233e-12	-3.06625e-12	-7.3867e-12	4.77983e-11	-6.82943e-11	3.20747e-11	1.88404e-11	-3.53982e-11	2.08171e-11	0
	1.2797e-05	-0.000212828	0.00112405	0.000233495	-0.000519998	-0.000581507	-0.000692647	-0.000676313	-0.000432067	-0.000472114	-0.000418093	-0.000407081	-0.000450201	-0.000499966	-0.000502514	-0.000732753	-0.00061332	-0.00128693	-0.00130796	-0.00185298	-0.00239019	-0.00259278	-0.00277588	-0.0025935	-0.00223632	-0.00196607	-0.00167345	-0.00130681	-0.00102191	-0.000797825	-0.00057183	-0.000341494	-0.00017153	-2.17962e-05	0.000113383	0.000231311	0.000323979	0.000394403	0.000420393	0.000406036	0.000371687	0.000342537	0.000311718	0.000266488	0.000196429	0.000107655	8.30743e-06	-9.78923e-05	-0.000212785	-0.000322534	-0.0004011	-0.000424303	-0.000389465	-0.000313451	-0.000222781	-0.000140576	-7.96298e-05	-4.07471e-05	-1.90378e-05	-8.23402e-06	-3.47e-06	-1.40242e-06	-6.42968e-07	-2.8761e-07	-1.09436e-07	-6.31721e-08	-3.2803e-08	2.52161e-09	3.5666e-09	-9.70627e-09	-7.58071e-09	8.14942e-09	-2.65929e-09	6.25624e-10	-3.06847e-09	1.25952e-09	-6.46991e-10	9.72002e-10	-1.31916e-09	1.13413e-09	-1.04545e-09	1.15572e-09	-8.89377e-10	5.43186e-10	-3.93022e-10	2.58262e-10	-1.71966e-10	2.51479e-11	8.40513e-11	-5.40686e-11	1.07702e-11	3.18181e-13	-1.73516e-11	7.00909e-11	-9.77678e-11	4.81005e-11	2.45115e-11	-5.00826e-11	3.00503e-11	0
	0.000146777	8.66935e-06	0.000146726	-0.000667788	-0.00090262	-0.00135999	-0.000513377	-0.000809351	-0.000326243	-0.00042223	-0.000302693	-0.000384366	-0.000279196	-0.000449238	-0.000346047	-0.000642611	-0.000563725	-0.000990276	-0.00102312	-0.00147619	-0.00169918	-0.00189972	-0.00198626	-0.00186049	-0.00171424	-0.00151167	-0.00125387	-0.0010127	-0.0007958	-0.000581556	-0.000388494	-0.000206162	-4.34165e-05	9.27141e-05	0.000198642	0.000300057	0.000381909	0.000430023	0.000439798	0.00041801	0.000366065	0.00031071	0.000272701	0.000244593	0.00019657	0.000118246	1.53218e-05	-9.77513e-05	-0.000209478	-0.00030591	-0.000370476	-0.000381832	-0.000334709	-0.000246869	-0.000151034	-7.32303e-05	-2.38886e-05	-2.60698e-08	7.16872e-06	6.89903e-06	4.57979e-06	2.51767e-06	1.16356e-06	5.29471e-07	2.14124e-07	8.28587e-08	4.41751e-08	1.21298e-08	-1.86415e-09	4.75785e-09	3.18206e-09	7.39029e-09	-5.48986e-09	1.93055e-09	-1.46686e-09	2.59992e-09	-1.00236e-09	8.48362e-10	-1.64203e-09	1.6649e-09	-1.37233e-09	1.45596e-09	-1.1757e-09	7.57996e-10	-4.32829e-10	2.2447e-10	-1.93155e-10	7.28768e-11	7.64716e-11	-8.83617e-11	3.94045e-11	3.25278e-14	-2.85864e-11	8.96433e-11	-1.2392e-10	6.29599e-11	2.90961e-11	-6.32647e-11	3.85475e-11	0
	0.000191288	0.000792496	-0.00144599	-0.00217881	-0.00137686	-0.00168049	-0.000626423	-0.000507683	-0.000359079	-0.000232691	-0.000202206	-0.000254627	-0.000203332	-0.000263352	-0.000269596	-0.000404215	-0.000507254	-0.0005951	-0.00083038	-0.00102223	-0.00113606	-0.00133763	-0.00131466	-0.00128495	-0.00123569	-0.00103718	-0.000850038	-0.000717725	-0.00056109	-0.000361472	-0.000203749	-6.79047e-05	6.84541e-05	0.000183983	0.000257529	0.000326637	0.000392064	0.000438697	0.000445463	0.000411261	0.000340336	0.000270533	0.00023402	0.000226967	0.000205155	0.000139767	3.34047e-05	-8.69076e-05	-0.000200134	-0.000290236	-0.000340987	-0.000333868	-0.000268401	-0.000167291	-6.75623e-05	3.3698e-06	3.72808e-05	4.25962e-05	3.33926e-05	2.13058e-05	1.15675e-05	5.4306e-06	2.22946e-06	8.5205e-07	2.49809e-07	5.49252e-08	2.3788e-08	-1.49824e-09	6.9952e-10	6.81917e-09	-6.65253e-09	1.70041e-09	-5.49669e-09	3.99353e-09	-2.00628e-09	1.88302e-09	-1.84082e-09	1.17932e-09	-2.0228e-09	1.87113e-09	-1.64403e-09	1.75614e-09	-1.51055e-09	9.90495e-10	-5.4258e-10	2.47341e-10	-1.52392e-10	1.2032e-12	1.13383e-10	-6.52932e-11	-3.19773e-12	8.96684e-12	-1.54879e-11	9.55056e-11	-1.45719e-10	7.63961e-11	3.23133e-11	-7.45338e-11	4.6099e-11	0
	-0.00061945	0.00157323	-0.00314683	-0.0028597	-0.00285728	-0.000757083	-0.00116546	0.000288342	-0.000587667	7.52704e-05	-0.00029582	7.56112e-05	-0.000241465	-1.39719e-05	-0.000257431	-0.00012208	-0.000357426	-0.000318102	-0.000562365	-0.000555972	-0.000730143	-0.0007799	-0.000803594	-0.000792432	-0.00073455	-0.000609769	-0.000537218	-0.000390408	-0.000280652	-0.000173674	-6.45033e-05	7.32911e-05	0.000163794	0.000237457	0.0002855	0.00032734	0.000361798	0.000409546	0.000428743	0.000396933	0.00031349	0.000228122	0.000185175	0.000200995	0.000219061	0.000180636	7.55638e-05	-5.31995e-05	-0.000172288	-0.000264031	-0.000311216	-0.000292801	-0.000210064	-9.1841e-05	1.68933e-05	8.40308e-05	0.000103175	8.97666e-05	6.36186e-05	3.86912e-05	2.05626e-05	9.80393e-06	4.25982e-06	1.67431e-06	5.81896e-07	2.18688e-07	8.75769e-08	2.17187e-08	1.05158e-08	3.7273e-09	-5.05482e-09	8.31979e-09	-3.17769e-09	4.31088e-09	-3.8094e-09	2.45928e-09	-9.62174e-10	1.857e-09	-2.06705e-09	2.16386e-09	-1.98132e-09	2.00307e-09	-1.60241e-09	1.13816e-09	-5.58775e-10	3.28665e-10	-2.25345e-10	4.04222e-11	1.38967e-10	-1.16161e-10	3.12673e-11	7.13771e-12	-4.04108e-11	1.186e-10	-1.57163e-10	8.36384e-11	3.39204e-11	-8.35335e-11	5.25173e-11	0
	-0.000299188	-0.00127298	-0.00413645	-0.0024625	-0.00322535	0.000872204	-0.0013829	0.000629319	-0.000535213	0.000330878	-0.000392615	0.000278619	-0.000216572	0.000147965	-0.000196871	5.88745e-05	-0.000181589	-0.000114994	-0.000249522	-0.000214202	-0.000379929	-0.000290327	-0.000389718	-0.000356784	-0.000310951	-0.00024314	-0.000225992	-0.000105592	-6.24385e-05	-1.15043e-05	6.22503e-05	0.000173801	0.000214914	0.000250433	0.000267742	0.000286425	0.000306674	0.00036217	0.000388499	0.000351524	0.000255439	0.000170702	0.000146179	0.000192538	0.000242201	0.000224897	0.000121332	-2.04251e-05	-0.000153624	-0.000247087	-0.000280619	-0.000238049	-0.000129232	6.95641e-06	0.000118305	0.000173312	0.00017167	0.000136031	9.10608e-05	5.29214e-05	2.7212e-05	1.26617e-05	5.22777e-06	1.87976e-06	6.66147e-07	2.53559e-07	3.28166e-08	-3.6349e-09	1.82106e-08	2.93999e-09	-8.59569e-09	4.86142e-09	-3.88573e-09	2.40636e-09	-4.83893e-09	3.14606e-09	-2.04652e-09	1.12458e-09	-2.24819e-09	2.06728e-09	-1.83416e-09	1.50711e-09	-2.1499e-09	1.01576e-09	-5.76633e-10	1.13124e-10	-2.85785e-10	1.10392e-10	1.19496e-10	-9.34083e-11	-3.8462e-11	1.34756e-11	4.73434e-11	4.34252e-11	-1.7346e-10	1.31754e-10	1.8542e-11	-8.95478e-11	5.76419e-11	0
	-0.00181309	-0.0067462	0.000176619	-0.00462982	0.000104786	-0.000346759	0.00045029	-0.000507369	0.000365807	-0.000312517	0.000234204	-0.000182873	0.000180756	-0.00011828	0.000117455	-7.35338e-05	8.51694e-05	-9.05681e-05	4.48955e-05	-8.98006e-05	-3.44321e-05	-3.99173e-05	-4.38701e-05	-8.91131e-05	-3.0824e-05	-2.67579e-05	3.73461e-05	4.75156e-05	4.56417e-05	5.40658e-05	0.00010979	0.000157443	0.000203423	0.000215499	0.000181531	0.000148862	0.000186502	0.000263785	0.000305968	0.000273307	0.000176205	7.3849e-05	5.20422e-05	0.000138565	0.000248892	0.000271818	0.00017762	2.02083e-05	-0.000136738	-0.000248984	-0.000285751	-0.000227644	-8.87754e-05	7.70184e-05	0.000203722	0.00025602	0.000238837	0.000183096	0.000120292	6.93982e-05	3.58314e-05	1.67362e-05	6.91619e-06	2.64406e-06	1.02902e-06	3.3666e-07	4.14939e-08	5.2054e-08	3.6734e-08	-9.59989e-09	-1.11311e-08	1.16152e-08	7.36572e-10	1.13838e-09	-3.93819e-09	4.65404e-09	-1.69767e-09	1.54203e-09	-1.66934e-09	1.77894e-09	-1.34961e-09	1.8005e-09	-5.97052e-10	1.83196e-09	2.24353e-10	6.91133e-10	1.45383e-10	2.38428e-10	1.46941e-10	-8.07338e-11	2.92273e-11	3.64128e-11	-2.67431e-11	4.48892e-11	-9.26739e-11	7.58812e-11	9.97722e-13	-5.46703e-11	4.85368e-11	0
	0	0	0	0	0	0	0	0	0	0	0	0	0	0	0	0	0	0	0	0	0	0	0	0	0	0	0	0	0	0	0	0	0	0	0	0	0	0	0	0	0	0	0	0	0	0	0	0	0	0	0	0	0	0	0	0	0	0	0	0	0	0	0	0	0	0	0	0	0	0	0	0	0	0	0	0	0	0	0	0	0	0	0	0	0	0	0	0	0	0	0	0	0	0	0	0	0	0	0	0
